Method: ComplexLocalOptimalScheme
SLAE Number: 1
Threads: 2
Smoothing: ResidualSmoothing
Total time: 7913 ms
Total iterations: 387

End iteration: 387 		 ||f - Ax^j|| / ||r^0||: 9,62407781654171E-06

Iteration	Residual		SmoothedResidual
---------	---------		---------------
1		5,958811309039851E-001	4,702101051811464E-001
2		2,226022977021702E-001	2,067673484962184E-001
3		1,896729150636455E-001	1,828545220760483E-001
4		1,825912219132352E-001	1,593685399687793E-001
5		2,028591756336342E-001	1,097887253161860E-001
6		1,381070894068714E-001	1,070144015393805E-001
7		1,241555222200084E-001	1,067561620713365E-001
8		9,983608619946890E-002	9,226019387903532E-002
9		9,819699865379394E-002	7,606062562041169E-002
10		1,120043775923181E-001	6,424722433032462E-002
11		1,017989561528835E-001	6,387900738016143E-002
12		5,144306305127366E-002	4,462204238202718E-002
13		3,486239312387093E-002	3,484566844879831E-002
14		3,434456813441096E-002	3,242577343899142E-002
15		2,949227887845468E-002	2,730848942921067E-002
16		5,689387431764264E-002	2,730848942921065E-002
17		2,744453088220265E-002	2,389445887496805E-002
18		2,326674236658098E-002	2,276250569595070E-002
19		2,470903766246639E-002	1,864677186109796E-002
20		1,770458097197764E-002	1,766842800839374E-002
21		1,743000763075315E-002	1,638694746020024E-002
22		1,366441171284143E-002	1,366441171284143E-002
23		1,756598792348450E-002	1,335577460033983E-002
24		1,833740552984090E-002	1,309563672924267E-002
25		1,965274009226415E-002	1,261830047512470E-002
26		1,499434296727040E-002	1,200345025912446E-002
27		9,466097169756540E-002	1,200345025912446E-002
28		7,873845402949427E-002	1,200345025912445E-002
29		4,779122456144464E-002	1,192489826611893E-002
30		3,786084533334926E-002	1,088201000215155E-002
31		3,513527223574570E-002	1,088201000215155E-002
32		2,493794058018377E-002	1,037247877819418E-002
33		3,790821478343519E-002	9,770685321813799E-003
34		7,697688153657969E-002	9,770685321813796E-003
35		3,388170855056529E-002	9,082672993112710E-003
36		7,663480613140913E-002	9,082672993112710E-003
37		7,908016263767591E-002	9,082672993112712E-003
38		2,026437435683787E-002	8,775449449970222E-003
39		1,887600979639850E-002	8,644602024058595E-003
40		4,682294764508863E-002	7,565120450301720E-003
41		1,159198954536070E-002	6,571841540468156E-003
42		1,609357345021024E-002	6,534370788532407E-003
43		1,049614395905797E-002	6,431751000735651E-003
44		8,689294136203125E-003	5,959890024826513E-003
45		6,879121187323610E-003	5,547505408769943E-003
46		1,250232816181045E-002	5,503732410597782E-003
47		6,165855403878717E-003	5,472955607152915E-003
48		5,989171791459013E-003	5,214772691187934E-003
49		1,898957068766027E-002	4,987933857065792E-003
50		4,617829888882243E-003	4,545379051044064E-003
51		5,310390008716136E-003	4,377321227063934E-003
52		5,649416108478813E-003	4,370588520000812E-003
53		4,714486201538550E-003	4,348632663182905E-003
54		4,712671719113394E-003	4,337115540561534E-003
55		5,413903521190443E-003	4,337115540561534E-003
56		7,557617045257998E-003	4,337115540561535E-003
57		8,585041184788707E-003	4,337115540561538E-003
58		1,111398547642534E-002	4,336974966226575E-003
59		1,190604670936228E-002	4,336974966226574E-003
60		1,543993698135966E-002	4,336974966226574E-003
61		1,498260666301366E-002	4,061953542950076E-003
62		6,130591750354040E-003	3,722018770899194E-003
63		4,499814702402492E-003	3,228594709769620E-003
64		4,253001765356110E-003	3,223746124992906E-003
65		5,862540168459161E-003	3,223746124992903E-003
66		5,414095187947060E-003	3,176215345270786E-003
67		5,620311124086291E-003	2,970485207678388E-003
68		5,657843093890155E-003	2,970485207678388E-003
69		5,396177872293341E-003	2,968812704760465E-003
70		3,715999605980706E-003	2,896014009670674E-003
71		4,111608509366320E-003	2,890963572883483E-003
72		3,352272320017544E-003	2,876568698569829E-003
73		3,493105279815163E-003	2,876568698569829E-003
74		3,952595199219485E-003	2,876568698569829E-003
75		4,261206243476878E-003	2,625468850763260E-003
76		1,196505262015052E-002	2,625468850763260E-003
77		3,174905969547445E-002	2,625468850763259E-003
78		1,273244757266234E-002	2,625468850763259E-003
79		4,123046566777592E-003	2,576412308641103E-003
80		6,119466189860949E-003	2,576412308641102E-003
81		3,661016707705883E-003	2,576288756119606E-003
82		5,917891956013031E-003	2,576288756119606E-003
83		3,148809243970558E-003	2,027288437089555E-003
84		2,737703722307084E-003	1,925867025013684E-003
85		2,997310930062150E-003	1,824556673281044E-003
86		1,555946993191546E-003	1,512624896698365E-003
87		2,211402418711531E-003	1,512624896698367E-003
88		2,556874922901547E-003	1,512624896698367E-003
89		1,461974882823119E-003	1,304702125861924E-003
90		1,383435469568122E-003	1,293886023846110E-003
91		1,574846021651659E-003	1,293886023846110E-003
92		1,291059333095981E-003	1,272190264879839E-003
93		1,306357947556010E-003	1,268080833462176E-003
94		1,242146167520136E-003	1,236974404378284E-003
95		1,245415135849574E-003	1,236719844357929E-003
96		1,283136483332565E-003	1,234282791176129E-003
97		1,256342369415129E-003	1,224792311348339E-003
98		1,440175495187595E-003	1,224792311348339E-003
99		1,943425991088428E-003	1,016263531448928E-003
100		2,984256621124987E-002	1,015771024666569E-003
101		1,688473078884998E-003	1,015771024666568E-003
102		2,120813154802776E-003	1,015771024666568E-003
103		1,840012862505523E-003	1,013043253219662E-003
104		1,492351767404135E-003	1,000422043803353E-003
105		1,310698806556923E-003	9,457176492753309E-004
106		1,710431692646402E-003	9,428826218682360E-004
107		1,210157492840446E-003	9,318152263311162E-004
108		1,321961447167856E-003	9,287383097885795E-004
109		1,302634907357107E-003	9,287383097885797E-004
110		1,389724315663184E-003	9,287383097885797E-004
111		1,200822210467733E-003	9,287383097885797E-004
112		1,425771902015563E-003	9,173654330849150E-004
113		9,246295929274427E-004	8,600377788148323E-004
114		1,172216966625555E-003	8,019099978918263E-004
115		1,643763469502041E-003	8,018854890436407E-004
116		1,849013275032680E-003	7,638817914264033E-004
117		1,242705753407131E-003	7,370077748411437E-004
118		1,182573342438117E-003	7,011188525350893E-004
119		6,843112867239673E-004	6,632468835068648E-004
120		1,084536748401805E-003	6,632468835068648E-004
121		7,210273967872153E-004	6,507099405709630E-004
122		7,769666953402700E-004	6,484440970619306E-004
123		6,834592944409316E-004	6,336416366354529E-004
124		8,287622597367850E-004	6,336416366354529E-004
125		8,940975725162708E-004	6,336416366354529E-004
126		1,123182410829412E-003	6,336416366354528E-004
127		2,135043043504937E-003	5,699426949261289E-004
128		1,874998147677941E-003	5,686053911622379E-004
129		8,645792992972133E-004	4,542834083442330E-004
130		8,313013608146068E-004	4,542834083442331E-004
131		1,082387482198745E-003	4,542834083442330E-004
132		8,022839351788716E-004	4,527557576834509E-004
133		8,817749979110688E-004	4,527557576834512E-004
134		1,143392367488447E-003	4,514618216220943E-004
135		2,581371882877609E-003	4,504922724436538E-004
136		1,714456181293984E-003	4,499074564321010E-004
137		3,214185151691559E-003	4,499074564321005E-004
138		2,555935981472469E-003	4,495300623372988E-004
139		2,369322283974651E-003	4,495300623372989E-004
140		1,738351065047523E-003	4,495300623372990E-004
141		1,725507246979916E-003	4,495300623372990E-004
142		1,803532550218403E-003	4,495300623372994E-004
143		1,892463321607280E-003	4,495300623372990E-004
144		3,053196430537607E-003	4,495300623372990E-004
145		3,631705524402614E-003	4,495300623372990E-004
146		3,456496962997665E-003	4,495300623372990E-004
147		2,487304491104598E-003	4,495300623372987E-004
148		3,708414172002209E-003	4,493840273008872E-004
149		1,833958338689564E-003	4,493315420188363E-004
150		1,954273784786592E-003	4,493203787121036E-004
151		4,507661149226958E-003	4,493203787121036E-004
152		2,320385811687301E-003	4,492248583179322E-004
153		2,416276287104590E-003	4,478182007977103E-004
154		2,536979713822109E-003	4,478182007977103E-004
155		2,276754215420016E-003	4,470698489022342E-004
156		3,355552326376815E-003	4,470698489022342E-004
157		2,637889970891399E-003	4,470437230616933E-004
158		4,147247554321481E-003	4,470437230616933E-004
159		7,375874898446786E-003	4,468004997808217E-004
160		2,010960114243425E-003	4,467217886368014E-004
161		1,269419205986753E-003	4,461172129001465E-004
162		1,219774848681264E-003	4,461172129001465E-004
163		1,307095922151155E-003	4,455810804780339E-004
164		1,245052184119973E-003	4,448817104669999E-004
165		8,646813707920104E-004	4,398339524226340E-004
166		7,136050448925401E-004	4,374199382936679E-004
167		9,580338387417843E-004	4,374063600762806E-004
168		8,525777351171139E-004	4,370338716927470E-004
169		8,704172469778815E-004	4,343951975565268E-004
170		3,891167742773279E-003	4,265892239992718E-004
171		9,153242137672070E-004	4,165969060531457E-004
172		7,387116405301331E-004	4,160862654964343E-004
173		1,255519965741320E-003	4,140889339316574E-004
174		2,028984757361382E-003	4,008863501463556E-004
175		9,239350820402914E-004	3,530247153623682E-004
176		7,345135046546897E-004	3,506652078129290E-004
177		7,489749083729432E-004	3,475099010278449E-004
178		1,419581824123900E-003	3,361726129583221E-004
179		5,135630829181509E-004	3,015488505788672E-004
180		4,906352928757907E-004	3,014169283287687E-004
181		6,503278264708625E-004	3,014169283287687E-004
182		5,872531719715196E-004	3,014169283287687E-004
183		7,130473044444096E-004	3,014169283287687E-004
184		2,144751443076412E-003	3,014169283287687E-004
185		3,888569939263379E-003	2,718572164927308E-004
186		1,786911195177263E-003	2,718572164927308E-004
187		1,820642359656979E-003	2,718572164927308E-004
188		7,123747478153317E-004	2,544459353401842E-004
189		6,110574160693464E-004	2,544459353401842E-004
190		8,377841261548451E-004	2,200112125157144E-004
191		3,766280913167397E-004	2,150558858934298E-004
192		4,059592089698434E-004	2,150558858934298E-004
193		3,260895819475030E-004	2,133577895631204E-004
194		5,824279137320937E-004	2,008550430415014E-004
195		1,880593841660524E-004	1,698452122609197E-004
196		2,113021593043883E-004	1,698452122609197E-004
197		8,077695740163075E-004	1,698452122609197E-004
198		3,471128099295752E-004	1,690218277837250E-004
199		2,787238908506842E-004	1,689538522068735E-004
200		2,844948290993454E-004	1,689538522068734E-004
201		3,386412267955388E-004	1,675886238793508E-004
202		3,206643765389575E-004	1,644948699086552E-004
203		2,486613387611206E-004	1,611809003212855E-004
204		3,793233495275032E-004	1,610543985906280E-004
205		3,135191913477737E-004	1,582781481921240E-004
206		3,084223963858458E-004	1,582551266152045E-004
207		4,919022204845626E-004	1,582538041201798E-004
208		2,823315724607063E-004	1,577907131428660E-004
209		7,940197145768109E-004	1,522997835632317E-004
210		2,949336274928164E-004	1,522661754255749E-004
211		1,382698185100715E-003	1,522661754255750E-004
212		1,961406922276452E-004	1,430482599429057E-004
213		1,815593774568252E-004	1,419792064670169E-004
214		1,480527847496643E-004	1,317335679233712E-004
215		1,304696587888696E-004	1,263845315642224E-004
216		1,355899293836268E-004	1,226775593754602E-004
217		1,423814705251407E-004	1,199184300705921E-004
218		2,150020573216330E-004	1,197918949641036E-004
219		1,450114321441458E-004	1,197918949641036E-004
220		1,828199665039479E-004	1,197918949641036E-004
221		1,592518189625484E-004	1,197918949641036E-004
222		2,584509288723135E-004	1,197918949641036E-004
223		1,811826017543581E-004	1,197918949641035E-004
224		1,714950248462550E-004	1,171061201574625E-004
225		1,557638183033416E-004	1,169230538984206E-004
226		2,278063566829448E-004	1,169230538984206E-004
227		2,346429368273438E-004	1,169230538984206E-004
228		2,241356874381435E-004	1,169230538984206E-004
229		4,452709430502522E-004	1,169230538984206E-004
230		3,526304089688309E-004	1,169230538984205E-004
231		3,418828085232670E-004	1,169230538984206E-004
232		3,989511096102658E-004	1,169068551237049E-004
233		5,542985825347862E-004	1,169068551237047E-004
234		5,763508934381711E-004	1,169068551237049E-004
235		5,927947102015561E-004	1,169068551237049E-004
236		1,523007084280538E-003	1,165677881015560E-004
237		1,366453185730017E-003	1,165677881015560E-004
238		4,347537082012865E-004	1,079060879276756E-004
239		4,402052982029470E-004	1,078867708849047E-004
240		4,811519198367623E-004	1,078867708849047E-004
241		2,463878328058142E-004	1,060457835348773E-004
242		1,916536002294903E-004	1,046746080515892E-004
243		2,008117334850389E-004	1,046746080515892E-004
244		2,436818384595416E-004	1,046746080515892E-004
245		5,267947633531225E-003	1,046746080515892E-004
246		2,692067654627194E-004	1,046746080515892E-004
247		2,590172110390967E-004	1,046746080515892E-004
248		4,787074118794536E-004	1,046746080515892E-004
249		1,938336091888425E-004	1,046746080515892E-004
250		1,681305154894252E-004	1,038244513337163E-004
251		1,625792858852079E-004	1,038244513337163E-004
252		1,944957187627370E-004	1,038244513337164E-004
253		1,305267362676116E-004	9,712010235863617E-005
254		1,144851379206733E-004	9,701212298744332E-005
255		1,159523906211976E-004	9,701212298744332E-005
256		1,388355723820743E-004	9,701212298744332E-005
257		1,300805884735338E-004	9,701212298744332E-005
258		1,374281004222138E-004	9,701212298744332E-005
259		2,884669161159485E-004	9,701212298744332E-005
260		2,535681739090236E-004	9,701212298744332E-005
261		3,131784227743591E-004	9,701212298744332E-005
262		7,713863164941315E-004	9,642334167060000E-005
263		3,088035052077949E-004	9,642334167060000E-005
264		6,081545950827879E-004	9,642334167060000E-005
265		1,609687164566799E-004	9,642334167060000E-005
266		1,646578796298578E-004	9,642334167060000E-005
267		1,525324351966159E-004	9,642334167060000E-005
268		1,245843023946049E-004	9,179948486142543E-005
269		1,464072518949282E-004	9,142973813888760E-005
270		1,448020003444193E-004	9,142973813888760E-005
271		1,238962127219504E-004	9,088341134699969E-005
272		1,167417183165526E-004	8,701262256624714E-005
273		1,337988973625397E-004	8,619512948085873E-005
274		1,285688372796030E-004	8,023214115536477E-005
275		6,852281886640362E-005	6,639108228853682E-005
276		5,797943674257711E-005	5,596823560780221E-005
277		5,087830702720151E-005	5,021931777384122E-005
278		5,009316705695761E-005	4,942726807699630E-005
279		6,594214286461555E-005	4,836801547890849E-005
280		4,474434608747908E-005	4,424076588526626E-005
281		6,323488183365776E-005	4,424076588526626E-005
282		5,405523619217247E-005	4,341789453183365E-005
283		6,268595931811355E-005	4,245995815978128E-005
284		4,859952358336389E-005	3,969022650530474E-005
285		4,132345632862523E-005	3,729790028307027E-005
286		4,194054873115383E-005	3,725544593758227E-005
287		4,210565082350162E-005	3,690644143855296E-005
288		4,526482611603076E-005	3,690644143855296E-005
289		4,924076384097833E-005	3,686777436852504E-005
290		6,954502219883917E-005	3,686777436852504E-005
291		8,534252350191880E-005	3,686777436852504E-005
292		8,002246264306236E-005	3,686777436852506E-005
293		5,572223166298375E-005	3,641750759652985E-005
294		4,450840562493727E-005	3,641750759652985E-005
295		4,366904716146669E-005	3,640537513328272E-005
296		5,955289023580588E-005	3,640537513328271E-005
297		6,884588997911603E-005	3,547571289442404E-005
298		6,555196747416996E-005	3,492373238180187E-005
299		3,602186850063333E-005	3,069358433728851E-005
300		1,251592944900957E-004	3,069358433728851E-005
301		9,451219377217381E-005	3,068997207184396E-005
302		5,286413438359362E-005	2,849752250582878E-005
303		5,131587332390364E-005	2,849372017071969E-005
304		2,468414853962376E-005	2,226790596557949E-005
305		4,977639562393990E-005	2,094166941349172E-005
306		2,641015756272770E-005	2,014994007610895E-005
307		2,201576535500569E-005	1,857997557699968E-005
308		2,083984806897911E-005	1,847400984168935E-005
309		2,132694269646319E-005	1,789476938520436E-005
310		2,207872198623352E-005	1,789476938520436E-005
311		1,992640859585506E-005	1,780911291148032E-005
312		1,895723064270065E-005	1,720016635483942E-005
313		1,811988208355906E-005	1,651687177593069E-005
314		2,113631244848694E-005	1,595503450253439E-005
315		2,732475741278730E-005	1,499286539698956E-005
316		2,762095732651396E-005	1,499023520608638E-005
317		2,320761634928725E-005	1,484381659121670E-005
318		1,829658885884464E-005	1,430652333900750E-005
319		1,602275666638093E-005	1,315149601857949E-005
320		1,852158335750375E-005	1,315015546168399E-005
321		1,467549070770016E-005	1,307974010117756E-005
322		1,927431565348621E-005	1,258165969517376E-005
323		1,520176394127678E-005	1,251999788190550E-005
324		1,585334300178642E-005	1,248098360268130E-005
325		1,316143259531016E-005	1,229911725795098E-005
326		1,277291885425935E-005	1,229849151053763E-005
327		1,530099161323460E-005	1,226044383520967E-005
328		1,139850319921983E-005	1,139850319921983E-005
329		1,202356476385579E-005	1,137181861485335E-005
330		1,353618663129297E-005	1,137181861485335E-005
331		1,209551045536818E-005	1,137181861485335E-005
332		1,210947336466966E-005	1,137181861485335E-005
333		1,279423970097895E-005	1,137181861485335E-005
334		1,218836466659414E-005	1,137181861485335E-005
335		1,590278031979221E-005	1,136143867765222E-005
336		1,502025854834840E-005	1,136143867765222E-005
337		1,119606303479816E-005	1,104162921582523E-005
338		1,172379809683356E-005	1,104162921582521E-005
339		1,081421451266457E-005	1,046446038097890E-005
340		1,058674721564156E-005	1,036249991051135E-005
341		1,051036626818663E-005	1,029041374890714E-005
342		1,078724750130075E-005	1,027443417951438E-005
343		1,175966686133713E-005	1,027443417951438E-005
344		1,067094385469101E-005	1,027443417951438E-005
345		1,085177737776876E-005	1,027443417951438E-005
346		1,106874749805492E-005	1,027443417951437E-005
347		1,117149591692327E-005	1,027443417951438E-005
348		1,134043813644138E-005	1,027443417951437E-005
349		1,274195381008469E-005	1,027443417951438E-005
350		1,152575586232247E-005	1,027443417951438E-005
351		1,411480439097185E-005	1,027443417951438E-005
352		1,149957298233809E-005	1,027443417951438E-005
353		1,142221851276587E-005	1,027443417951438E-005
354		1,176701721447704E-005	1,027443417951438E-005
355		1,244561523476686E-005	1,027443417951438E-005
356		1,337027781244715E-005	1,027443417951438E-005
357		1,394762004688374E-005	1,027443417951438E-005
358		1,428151817844515E-005	1,027443417951438E-005
359		2,795814671136658E-005	1,027443417951438E-005
360		1,680646327470607E-005	1,027443417951438E-005
361		7,122192515140227E-005	1,027443417951438E-005
362		6,362941647698601E-005	1,027443417951437E-005
363		8,068814928765449E-005	1,027443417951438E-005
364		3,076669689461390E-005	1,027443417951438E-005
365		1,690148654947143E-005	1,027443417951438E-005
366		1,780107421466244E-005	1,027443417951438E-005
367		1,664469882365126E-005	1,027443417951438E-005
368		1,639262054128286E-005	1,027443417951438E-005
369		2,753163195070541E-005	1,027443417951438E-005
370		1,908014939840118E-005	1,027443417951438E-005
371		2,499528153198177E-005	1,027443417951438E-005
372		2,515864751372430E-005	1,027443417951438E-005
373		4,258772768360144E-005	1,027443417951438E-005
374		1,979309944818736E-005	1,027443417951438E-005
375		1,783096990506918E-005	1,027443417951438E-005
376		2,166098018345285E-005	1,027443417951438E-005
377		2,582038423346146E-005	1,024219080426016E-005
378		2,780773549669845E-005	1,024085283055743E-005
379		3,296954348242055E-005	1,019357399952069E-005
380		3,058144190424516E-005	1,018522823016919E-005
381		5,172543472019077E-005	1,018522823016919E-005
382		4,696218367024791E-005	1,009499458245079E-005
383		5,171542577581801E-005	1,009499458245079E-005
384		4,308355809367947E-005	1,009499458245079E-005
385		2,810589593663843E-005	1,009253240362972E-005
386		1,979917192580360E-005	9,624077816545894E-006
End iteration: 387 		 ||f - Ax^j|| / ||r^0||: 9,62407781654171E-06
