Method: ComplexLocalOptimalScheme
SLAE Number: 1
Threads: 12
Smoothing: NoSmoothing
Total time: 14019 ms
Total iterations: 529

End iteration: 529 		 ||f - Ax^j|| / ||r^0||: 9,353070683225737E-06

Iteration	Residual		SmoothedResidual
---------	---------		---------------
1		5,958811309039812E-001	5,958811309039812E-001
2		2,226022977021684E-001	2,226022977021686E-001
3		1,896729150636444E-001	1,896729150636443E-001
4		1,825912219132342E-001	1,825912219132342E-001
5		2,028591756336328E-001	2,028591756336327E-001
6		1,381070894068710E-001	1,381070894068709E-001
7		1,241555222200097E-001	1,241555222200095E-001
8		9,983608619946872E-002	9,983608619946877E-002
9		9,819699865378843E-002	9,819699865378850E-002
10		1,120043775923339E-001	1,120043775923338E-001
11		1,017989561528980E-001	1,017989561528980E-001
12		5,144306305127795E-002	5,144306305127790E-002
13		3,486239312387214E-002	3,486239312387213E-002
14		3,434456813441290E-002	3,434456813441283E-002
15		2,949227887846164E-002	2,949227887846165E-002
16		5,689387431765277E-002	5,689387431765277E-002
17		2,744453088220614E-002	2,744453088220615E-002
18		2,326674236658305E-002	2,326674236658304E-002
19		2,470903766247673E-002	2,470903766247674E-002
20		1,770458097198016E-002	1,770458097198016E-002
21		1,743000763075889E-002	1,743000763075888E-002
22		1,366441171284252E-002	1,366441171284251E-002
23		1,756598792348468E-002	1,756598792348469E-002
24		1,833740552984139E-002	1,833740552984137E-002
25		1,965274009226655E-002	1,965274009226656E-002
26		1,499434296727147E-002	1,499434296727149E-002
27		9,466097169762336E-002	9,466097169762340E-002
28		7,873845402952361E-002	7,873845402952356E-002
29		4,779122456150271E-002	4,779122456150266E-002
30		3,786084533339865E-002	3,786084533339865E-002
31		3,513527223578546E-002	3,513527223578543E-002
32		2,493794058023082E-002	2,493794058023083E-002
33		3,790821478354821E-002	3,790821478354823E-002
34		7,697688153688954E-002	7,697688153688957E-002
35		3,388170855052994E-002	3,388170855052992E-002
36		7,663480613125628E-002	7,663480613125635E-002
37		7,908016263753531E-002	7,908016263753528E-002
38		2,026437435687951E-002	2,026437435687952E-002
39		1,887600979641299E-002	1,887600979641300E-002
40		4,682294764439414E-002	4,682294764439415E-002
41		1,159198954535545E-002	1,159198954535545E-002
42		1,609357344987289E-002	1,609357344987288E-002
43		1,049614395895218E-002	1,049614395895218E-002
44		8,689294136069534E-003	8,689294136069541E-003
45		6,879121187263531E-003	6,879121187263534E-003
46		1,250232816124600E-002	1,250232816124600E-002
47		6,165855403834902E-003	6,165855403834900E-003
48		5,989171791452669E-003	5,989171791452668E-003
49		1,898957068727841E-002	1,898957068727841E-002
50		4,617829888873311E-003	4,617829888873312E-003
51		5,310390008701330E-003	5,310390008701330E-003
52		5,649416108464803E-003	5,649416108464798E-003
53		4,714486201528899E-003	4,714486201528900E-003
54		4,712671719102611E-003	4,712671719102605E-003
55		5,413903521148980E-003	5,413903521148979E-003
56		7,557617045148103E-003	7,557617045148100E-003
57		8,585041184731718E-003	8,585041184731716E-003
58		1,111398547644578E-002	1,111398547644577E-002
59		1,190604670937826E-002	1,190604670937826E-002
60		1,543993698139016E-002	1,543993698139016E-002
61		1,498260666288295E-002	1,498260666288297E-002
62		6,130591750330622E-003	6,130591750330621E-003
63		4,499814702239263E-003	4,499814702239263E-003
64		4,253001765267034E-003	4,253001765267037E-003
65		5,862540167672724E-003	5,862540167672727E-003
66		5,414095187411610E-003	5,414095187411610E-003
67		5,620311124020757E-003	5,620311124020760E-003
68		5,657843093809126E-003	5,657843093809123E-003
69		5,396177872301202E-003	5,396177872301202E-003
70		3,715999606014122E-003	3,715999606014121E-003
71		4,111608509433567E-003	4,111608509433569E-003
72		3,352272320030731E-003	3,352272320030734E-003
73		3,493105279834136E-003	3,493105279834136E-003
74		3,952595199395750E-003	3,952595199395752E-003
75		4,261206243580775E-003	4,261206243580774E-003
76		1,196505262017092E-002	1,196505262017092E-002
77		3,174905969544881E-002	3,174905969544879E-002
78		1,273244757271478E-002	1,273244757271478E-002
79		4,123046566296490E-003	4,123046566296490E-003
80		6,119466187884157E-003	6,119466187884154E-003
81		3,661016707387396E-003	3,661016707387397E-003
82		5,917891955897868E-003	5,917891955897868E-003
83		3,148809242614061E-003	3,148809242614059E-003
84		2,737703721551191E-003	2,737703721551191E-003
85		2,997310929405359E-003	2,997310929405360E-003
86		1,555946993186193E-003	1,555946993186194E-003
87		2,211402418541219E-003	2,211402418541218E-003
88		2,556874922715243E-003	2,556874922715242E-003
89		1,461974884377382E-003	1,461974884377381E-003
90		1,383435469696833E-003	1,383435469696833E-003
91		1,574846022011256E-003	1,574846022011257E-003
92		1,291059333096025E-003	1,291059333096026E-003
93		1,306357947556537E-003	1,306357947556535E-003
94		1,242146167473059E-003	1,242146167473060E-003
95		1,245415135783676E-003	1,245415135783676E-003
96		1,283136483265304E-003	1,283136483265305E-003
97		1,256342369393389E-003	1,256342369393389E-003
98		1,440175494489676E-003	1,440175494489677E-003
99		1,943425956387176E-003	1,943425956387177E-003
100		2,984256476335396E-002	2,984256476335396E-002
101		1,688473046055309E-003	1,688473046055309E-003
102		2,120813091477127E-003	2,120813091477128E-003
103		1,840012843201864E-003	1,840012843201863E-003
104		1,492351749523205E-003	1,492351749523206E-003
105		1,310698803792062E-003	1,310698803792063E-003
106		1,710431681315834E-003	1,710431681315834E-003
107		1,210157492024512E-003	1,210157492024513E-003
108		1,321961441827321E-003	1,321961441827321E-003
109		1,302634904840529E-003	1,302634904840529E-003
110		1,389724313979689E-003	1,389724313979688E-003
111		1,200822209601864E-003	1,200822209601864E-003
112		1,425771902304102E-003	1,425771902304101E-003
113		9,246295927550860E-004	9,246295927550865E-004
114		1,172216965874607E-003	1,172216965874607E-003
115		1,643763467621273E-003	1,643763467621274E-003
116		1,849013264067539E-003	1,849013264067537E-003
117		1,242705751712281E-003	1,242705751712281E-003
118		1,182573341584046E-003	1,182573341584046E-003
119		6,843112864825729E-004	6,843112864825727E-004
120		1,084536733617248E-003	1,084536733617249E-003
121		7,210273950578115E-004	7,210273950578117E-004
122		7,769666737524614E-004	7,769666737524613E-004
123		6,834592929022813E-004	6,834592929022820E-004
124		8,287622509524830E-004	8,287622509524839E-004
125		8,940975704828507E-004	8,940975704828509E-004
126		1,123182396888813E-003	1,123182396888813E-003
127		2,135042845360047E-003	2,135042845360046E-003
128		1,874998002841309E-003	1,874998002841308E-003
129		8,645792974192481E-004	8,645792974192484E-004
130		8,313013599709969E-004	8,313013599709956E-004
131		1,082387464469121E-003	1,082387464469121E-003
132		8,022839328718350E-004	8,022839328718345E-004
133		8,817749739577031E-004	8,817749739577030E-004
134		1,143392332579703E-003	1,143392332579704E-003
135		2,581371737017121E-003	2,581371737017119E-003
136		1,714456137841875E-003	1,714456137841875E-003
137		3,214185047385873E-003	3,214185047385869E-003
138		2,555935958661549E-003	2,555935958661551E-003
139		2,369322047832785E-003	2,369322047832782E-003
140		1,738351023219509E-003	1,738351023219510E-003
141		1,725507235826026E-003	1,725507235826025E-003
142		1,803532559730808E-003	1,803532559730808E-003
143		1,892463663358564E-003	1,892463663358564E-003
144		3,053204894646493E-003	3,053204894646495E-003
145		3,631706916491559E-003	3,631706916491557E-003
146		3,456497401990489E-003	3,456497401990488E-003
147		2,487304729250301E-003	2,487304729250303E-003
148		3,708424315450847E-003	3,708424315450844E-003
149		1,833958942496871E-003	1,833958942496873E-003
150		1,954275882054228E-003	1,954275882054228E-003
151		4,507662328141036E-003	4,507662328141035E-003
152		2,320369860308463E-003	2,320369860308462E-003
153		2,416272892026235E-003	2,416272892026234E-003
154		2,536977924561384E-003	2,536977924561384E-003
155		2,276751648071026E-003	2,276751648071027E-003
156		3,351943236683083E-003	3,351943236683085E-003
157		2,637967030335093E-003	2,637967030335094E-003
158		4,147270154143090E-003	4,147270154143089E-003
159		7,375534097955235E-003	7,375534097955238E-003
160		2,010885182507261E-003	2,010885182507264E-003
161		1,269418046090223E-003	1,269418046090223E-003
162		1,219769585355270E-003	1,219769585355269E-003
163		1,306961521982934E-003	1,306961521982933E-003
164		1,244874856814870E-003	1,244874856814870E-003
165		8,644373442163067E-004	8,644373442163068E-004
166		7,135710149098634E-004	7,135710149098628E-004
167		9,974116528659025E-004	9,974116528659025E-004
168		8,704954429400089E-004	8,704954429400096E-004
169		8,662455888918350E-004	8,662455888918346E-004
170		2,061292769022989E-003	2,061292769022987E-003
171		8,984908294911088E-004	8,984908294911084E-004
172		7,384575858724887E-004	7,384575858724890E-004
173		1,594662496508967E-003	1,594662496508967E-003
174		1,271883038909901E-003	1,271883038909903E-003
175		7,745253779443653E-004	7,745253779443650E-004
176		7,235464524178050E-004	7,235464524178052E-004
177		7,868783253790311E-004	7,868783253790316E-004
178		7,272020150660591E-004	7,272020150660582E-004
179		5,158366832208451E-004	5,158366832208448E-004
180		4,904095363172404E-004	4,904095363172408E-004
181		6,561124262996868E-004	6,561124262996869E-004
182		5,906337866223184E-004	5,906337866223182E-004
183		7,063008895870089E-004	7,063008895870085E-004
184		1,523352858061903E-003	1,523352858061904E-003
185		4,376893439353627E-003	4,376893439353627E-003
186		1,761310257580838E-003	1,761310257580837E-003
187		1,896772784087765E-003	1,896772784087763E-003
188		7,085457399560395E-004	7,085457399560389E-004
189		6,037803094399694E-004	6,037803094399689E-004
190		8,390612223336421E-004	8,390612223336426E-004
191		3,766688228615233E-004	3,766688228615234E-004
192		4,058626448480038E-004	4,058626448480040E-004
193		3,271010809108819E-004	3,271010809108819E-004
194		5,675118467670890E-004	5,675118467670892E-004
195		1,884134621307964E-004	1,884134621307964E-004
196		2,121301198998429E-004	2,121301198998429E-004
197		4,320884176741682E-004	4,320884176741682E-004
198		5,791901765259523E-004	5,791901765259520E-004
199		2,953314196939998E-004	2,953314196939998E-004
200		2,889275619107910E-004	2,889275619107911E-004
201		3,503398693318510E-004	3,503398693318510E-004
202		3,237331400700394E-004	3,237331400700397E-004
203		2,493486182608640E-004	2,493486182608639E-004
204		3,797532503196746E-004	3,797532503196746E-004
205		3,135626821781238E-004	3,135626821781241E-004
206		3,084345072664028E-004	3,084345072664027E-004
207		4,899826947844785E-004	4,899826947844786E-004
208		2,825323987831796E-004	2,825323987831795E-004
209		7,992235920852125E-004	7,992235920852121E-004
210		2,949095987375274E-004	2,949095987375271E-004
211		1,402663287233230E-003	1,402663287233233E-003
212		1,956163122895382E-004	1,956163122895384E-004
213		1,821597572283607E-004	1,821597572283607E-004
214		1,480569587024078E-004	1,480569587024078E-004
215		1,304210092786814E-004	1,304210092786815E-004
216		1,358472211086068E-004	1,358472211086069E-004
217		1,423101335958821E-004	1,423101335958821E-004
218		2,595370473537271E-004	2,595370473537270E-004
219		1,449498866534171E-004	1,449498866534172E-004
220		1,803841093928546E-004	1,803841093928547E-004
221		1,593250408890902E-004	1,593250408890902E-004
222		2,959792016884466E-004	2,959792016884466E-004
223		1,804228252005468E-004	1,804228252005467E-004
224		1,713239035701873E-004	1,713239035701874E-004
225		1,611659827863926E-004	1,611659827863926E-004
226		2,412430205549671E-004	2,412430205549670E-004
227		2,362718807136577E-004	2,362718807136577E-004
228		2,244469533743040E-004	2,244469533743040E-004
229		5,819886776552599E-004	5,819886776552592E-004
230		3,478253580345425E-004	3,478253580345426E-004
231		3,398212503583044E-004	3,398212503583045E-004
232		6,021009878733018E-004	6,021009878733019E-004
233		5,450386166223072E-004	5,450386166223073E-004
234		5,453152999482458E-004	5,453152999482458E-004
235		6,170645974716934E-004	6,170645974716941E-004
236		1,535922521939620E-003	1,535922521939622E-003
237		1,331930184283052E-003	1,331930184283051E-003
238		4,426639606576759E-004	4,426639606576758E-004
239		4,422988168873261E-004	4,422988168873258E-004
240		4,820455886792253E-004	4,820455886792257E-004
241		2,462263143896785E-004	2,462263143896786E-004
242		1,916611905620966E-004	1,916611905620965E-004
243		2,008162843533885E-004	2,008162843533886E-004
244		2,437217087038972E-004	2,437217087038969E-004
245		5,234208700234818E-003	5,234208700234814E-003
246		2,692039975062271E-004	2,692039975062266E-004
247		2,590179428533760E-004	2,590179428533759E-004
248		4,788070888800220E-004	4,788070888800219E-004
249		1,937168886552743E-004	1,937168886552742E-004
250		1,679586380239279E-004	1,679586380239279E-004
251		1,634387443034407E-004	1,634387443034409E-004
252		1,912456193094941E-004	1,912456193094944E-004
253		1,303665878147517E-004	1,303665878147516E-004
254		1,144857371984007E-004	1,144857371984005E-004
255		1,159379252561281E-004	1,159379252561282E-004
256		1,358854436397938E-004	1,358854436397939E-004
257		1,300946565061934E-004	1,300946565061934E-004
258		1,375776758923073E-004	1,375776758923074E-004
259		3,267556129181178E-004	3,267556129181173E-004
260		2,429157410690058E-004	2,429157410690061E-004
261		3,215421402023799E-004	3,215421402023799E-004
262		3,040801526776514E-004	3,040801526776515E-004
263		3,189554097232362E-004	3,189554097232363E-004
264		4,015016521032646E-004	4,015016521032644E-004
265		1,620401867964080E-004	1,620401867964082E-004
266		1,638665315888034E-004	1,638665315888034E-004
267		1,477270500303397E-004	1,477270500303398E-004
268		1,259685198071517E-004	1,259685198071516E-004
269		1,411491460673214E-004	1,411491460673214E-004
270		1,440785708111015E-004	1,440785708111014E-004
271		1,250710501862633E-004	1,250710501862635E-004
272		1,189655616920839E-004	1,189655616920840E-004
273		1,170393060262257E-004	1,170393060262256E-004
274		1,902416304852023E-004	1,902416304852023E-004
275		5,883212266750398E-005	5,883212266750390E-005
276		1,076033184141258E-004	1,076033184141258E-004
277		5,158560049423433E-005	5,158560049423429E-005
278		4,996519037793756E-005	4,996519037793756E-005
279		5,813713535290945E-005	5,813713535290945E-005
280		4,282888749983348E-005	4,282888749983350E-005
281		5,764428576698905E-005	5,764428576698908E-005
282		5,566299051903383E-005	5,566299051903388E-005
283		9,953968847007398E-005	9,953968847007393E-005
284		4,816161924789301E-005	4,816161924789299E-005
285		4,161838604634092E-005	4,161838604634088E-005
286		4,224676521475119E-005	4,224676521475121E-005
287		4,252520553714496E-005	4,252520553714500E-005
288		4,549982835455695E-005	4,549982835455696E-005
289		4,922341793596523E-005	4,922341793596525E-005
290		6,499467625507822E-005	6,499467625507823E-005
291		8,316213227187762E-005	8,316213227187764E-005
292		8,075126117116979E-005	8,075126117116980E-005
293		5,704163932216420E-005	5,704163932216420E-005
294		4,449918926452425E-005	4,449918926452424E-005
295		4,372625680232389E-005	4,372625680232387E-005
296		6,729354813275183E-005	6,729354813275180E-005
297		6,212594785046326E-005	6,212594785046327E-005
298		6,189018833885619E-005	6,189018833885623E-005
299		3,681835123606728E-005	3,681835123606727E-005
300		1,228730132248674E-004	1,228730132248672E-004
301		9,094662135425081E-005	9,094662135425080E-005
302		4,624313075093020E-005	4,624313075093017E-005
303		5,193622388866843E-005	5,193622388866844E-005
304		2,473658450357073E-005	2,473658450357074E-005
305		4,179933412721638E-005	4,179933412721638E-005
306		2,547621693944663E-005	2,547621693944664E-005
307		2,405638270436849E-005	2,405638270436853E-005
308		2,278660407534811E-005	2,278660407534810E-005
309		2,060078140402867E-005	2,060078140402869E-005
310		2,250938759105971E-005	2,250938759105972E-005
311		1,971892824471951E-005	1,971892824471954E-005
312		1,928769779321513E-005	1,928769779321512E-005
313		1,835277195904381E-005	1,835277195904381E-005
314		2,151625117788262E-005	2,151625117788261E-005
315		2,658160647908084E-005	2,658160647908085E-005
316		2,272369573781890E-005	2,272369573781890E-005
317		2,715905798686614E-005	2,715905798686613E-005
318		1,788708883302720E-005	1,788708883302722E-005
319		1,585476181680253E-005	1,585476181680253E-005
320		1,537022418803075E-005	1,537022418803076E-005
321		1,467158729744925E-005	1,467158729744925E-005
322		2,280737184427971E-005	2,280737184427971E-005
323		1,406928937022718E-005	1,406928937022718E-005
324		1,467333003768492E-005	1,467333003768493E-005
325		1,719102465739055E-005	1,719102465739056E-005
326		1,306617392775374E-005	1,306617392775374E-005
327		1,452249183848668E-005	1,452249183848668E-005
328		1,144876846132160E-005	1,144876846132160E-005
329		1,208961238919552E-005	1,208961238919552E-005
330		1,334619966335377E-005	1,334619966335376E-005
331		1,203585290448846E-005	1,203585290448845E-005
332		1,210811461718462E-005	1,210811461718461E-005
333		1,297797206724875E-005	1,297797206724876E-005
334		1,218750476454421E-005	1,218750476454420E-005
335		1,576239680296403E-005	1,576239680296403E-005
336		1,507717736260986E-005	1,507717736260986E-005
337		1,120103189109211E-005	1,120103189109210E-005
338		1,173932404869780E-005	1,173932404869779E-005
339		1,080722794588361E-005	1,080722794588361E-005
340		1,059580385785432E-005	1,059580385785432E-005
341		1,051083060788326E-005	1,051083060788327E-005
342		1,077798746928652E-005	1,077798746928651E-005
343		1,174706480475701E-005	1,174706480475701E-005
344		1,067105926250483E-005	1,067105926250483E-005
345		1,085159564748708E-005	1,085159564748709E-005
346		1,106845952515390E-005	1,106845952515389E-005
347		1,117160713337482E-005	1,117160713337483E-005
348		1,134369939795205E-005	1,134369939795206E-005
349		1,275315004462158E-005	1,275315004462159E-005
350		1,152934553416982E-005	1,152934553416981E-005
351		1,407467969891301E-005	1,407467969891302E-005
352		1,149558083824002E-005	1,149558083824001E-005
353		1,142488571556122E-005	1,142488571556121E-005
354		1,171318957374002E-005	1,171318957374001E-005
355		1,257291733588268E-005	1,257291733588267E-005
356		1,347858792836466E-005	1,347858792836464E-005
357		1,391522685797781E-005	1,391522685797781E-005
358		1,425027529693326E-005	1,425027529693327E-005
359		2,647459825185998E-005	2,647459825185996E-005
360		1,669362166857715E-005	1,669362166857714E-005
361		8,661789078765442E-005	8,661789078765443E-005
362		6,512930995900733E-005	6,512930995900737E-005
363		9,063546596640106E-005	9,063546596640113E-005
364		3,637001491837987E-005	3,637001491837986E-005
365		8,423963043057849E-005	8,423963043057851E-005
366		2,207250697329496E-005	2,207250697329494E-005
367		1,584477068533324E-005	1,584477068533324E-005
368		1,642490794516140E-005	1,642490794516141E-005
369		2,166777617889960E-005	2,166777617889962E-005
370		1,909233487170712E-005	1,909233487170712E-005
371		2,953779258924737E-005	2,953779258924739E-005
372		2,433071604704951E-005	2,433071604704950E-005
373		4,677818645994153E-005	4,677818645994157E-005
374		1,976322093742154E-005	1,976322093742152E-005
375		1,806993044764133E-005	1,806993044764131E-005
376		1,937437895596251E-005	1,937437895596250E-005
377		2,259626849595050E-005	2,259626849595050E-005
378		2,953160283843371E-005	2,953160283843369E-005
379		2,630457854508859E-005	2,630457854508859E-005
380		3,238476025450186E-005	3,238476025450184E-005
381		4,012818032599894E-005	4,012818032599892E-005
382		4,673949437674242E-005	4,673949437674236E-005
383		5,056927952340056E-005	5,056927952340054E-005
384		3,000678630435061E-005	3,000678630435060E-005
385		9,267627316744887E-005	9,267627316744890E-005
386		2,909415454933161E-005	2,909415454933160E-005
387		1,726045079274681E-005	1,726045079274680E-005
388		3,785903274015333E-005	3,785903274015333E-005
389		1,694172154542899E-005	1,694172154542900E-005
390		1,520932077213422E-005	1,520932077213422E-005
391		1,198302822912709E-005	1,198302822912710E-005
392		1,177633965832088E-005	1,177633965832088E-005
393		1,201851107726944E-005	1,201851107726943E-005
394		1,147015884835823E-005	1,147015884835823E-005
395		1,206320545501506E-005	1,206320545501505E-005
396		1,323587580631794E-005	1,323587580631794E-005
397		1,451639181051843E-005	1,451639181051843E-005
398		1,520960385628582E-005	1,520960385628582E-005
399		1,705212036610320E-005	1,705212036610320E-005
400		1,936666182094134E-005	1,936666182094134E-005
401		2,614475216090086E-005	2,614475216090080E-005
402		1,750708216083001E-005	1,750708216082999E-005
403		1,602503113461126E-005	1,602503113461126E-005
404		1,403291134927502E-005	1,403291134927502E-005
405		1,536778773675822E-005	1,536778773675823E-005
406		1,492990295018886E-005	1,492990295018884E-005
407		1,500753262306209E-005	1,500753262306210E-005
408		1,510023280910638E-005	1,510023280910638E-005
409		1,707203482348678E-005	1,707203482348677E-005
410		1,998340851033472E-005	1,998340851033473E-005
411		3,154782129486974E-005	3,154782129486971E-005
412		3,188535538712432E-005	3,188535538712434E-005
413		3,665572036743084E-005	3,665572036743084E-005
414		2,222807409247054E-005	2,222807409247053E-005
415		2,288680353300735E-005	2,288680353300737E-005
416		2,174737324631519E-005	2,174737324631519E-005
417		3,606399679551268E-005	3,606399679551268E-005
418		4,277852882065299E-005	4,277852882065297E-005
419		2,002245217757407E-005	2,002245217757407E-005
420		1,893140229625180E-005	1,893140229625180E-005
421		2,111484842521502E-005	2,111484842521501E-005
422		2,648700180387862E-005	2,648700180387862E-005
423		3,255964830020373E-005	3,255964830020375E-005
424		3,181735883608453E-005	3,181735883608449E-005
425		2,249823662461146E-005	2,249823662461146E-005
426		2,185373764189449E-005	2,185373764189450E-005
427		2,219408817083352E-005	2,219408817083350E-005
428		2,857884901283343E-005	2,857884901283344E-005
429		3,790724767362864E-005	3,790724767362864E-005
430		4,180923441221886E-005	4,180923441221885E-005
431		3,705372014606296E-005	3,705372014606297E-005
432		1,029396276913954E-004	1,029396276913954E-004
433		6,348726831389143E-005	6,348726831389143E-005
434		8,215560927225828E-005	8,215560927225826E-005
435		1,367640186626770E-004	1,367640186626770E-004
436		1,915314902630672E-004	1,915314902630673E-004
437		2,605361331047015E-004	2,605361331047012E-004
438		4,019966738153079E-004	4,019966738153076E-004
439		2,762302683918866E-004	2,762302683918867E-004
440		2,283319370508013E-004	2,283319370508013E-004
441		1,755392031389781E-004	1,755392031389781E-004
442		1,866026506965125E-004	1,866026506965126E-004
443		1,283023734609090E-004	1,283023734609089E-004
444		7,636569339884570E-005	7,636569339884574E-005
445		6,269996929975383E-005	6,269996929975381E-005
446		6,826489145582671E-005	6,826489145582666E-005
447		5,967605191993359E-005	5,967605191993358E-005
448		8,605628281320507E-005	8,605628281320506E-005
449		6,292262829402823E-005	6,292262829402819E-005
450		6,041797969874890E-005	6,041797969874880E-005
451		6,089592797806970E-005	6,089592797806970E-005
452		6,928099373369943E-005	6,928099373369948E-005
453		6,699771865254152E-005	6,699771865254154E-005
454		6,543734884666950E-005	6,543734884666953E-005
455		6,474371479945639E-005	6,474371479945643E-005
456		6,765602001115219E-005	6,765602001115218E-005
457		8,386348387377450E-005	8,386348387377442E-005
458		8,404443199267873E-005	8,404443199267867E-005
459		8,296046313444783E-005	8,296046313444783E-005
460		6,733403004965037E-005	6,733403004965037E-005
461		1,329605410568295E-004	1,329605410568294E-004
462		6,398787176736851E-005	6,398787176736851E-005
463		6,474913187443000E-005	6,474913187443001E-005
464		7,195970476128262E-005	7,195970476128264E-005
465		9,338469918450032E-005	9,338469918450035E-005
466		6,661497025031849E-005	6,661497025031856E-005
467		8,037496988579345E-005	8,037496988579338E-005
468		7,710782915063741E-005	7,710782915063741E-005
469		1,359279949193038E-004	1,359279949193038E-004
470		5,972999070618604E-005	5,972999070618601E-005
471		5,984267066474629E-005	5,984267066474631E-005
472		6,337193834332357E-005	6,337193834332357E-005
473		6,503477765581854E-005	6,503477765581850E-005
474		6,477884508057733E-005	6,477884508057736E-005
475		2,355795178658039E-004	2,355795178658039E-004
476		7,150626912355148E-005	7,150626912355149E-005
477		5,132403424913165E-005	5,132403424913167E-005
478		4,614923799419036E-005	4,614923799419034E-005
479		4,727431759221813E-005	4,727431759221810E-005
480		3,912813446035137E-005	3,912813446035135E-005
481		3,567057887476740E-005	3,567057887476740E-005
482		3,389546670690711E-005	3,389546670690710E-005
483		3,704258518132000E-005	3,704258518131997E-005
484		5,500661523974189E-005	5,500661523974190E-005
485		4,338084319618603E-005	4,338084319618602E-005
486		3,835537337926128E-005	3,835537337926125E-005
487		4,397864797466428E-005	4,397864797466427E-005
488		6,485086300729761E-005	6,485086300729765E-005
489		6,700241675429975E-005	6,700241675429978E-005
490		5,197330230347510E-005	5,197330230347510E-005
491		8,474892681131283E-005	8,474892681131280E-005
492		4,396939064258704E-005	4,396939064258706E-005
493		2,976678508689946E-005	2,976678508689944E-005
494		2,622894505182977E-005	2,622894505182980E-005
495		2,808968319224320E-005	2,808968319224319E-005
496		2,521441140675293E-005	2,521441140675293E-005
497		3,263463036743085E-005	3,263463036743086E-005
498		1,652298239676366E-005	1,652298239676366E-005
499		1,614501120558971E-005	1,614501120558972E-005
500		3,424003860068527E-005	3,424003860068526E-005
501		2,161881812099774E-005	2,161881812099777E-005
502		3,035008297974700E-005	3,035008297974695E-005
503		1,440859386446781E-005	1,440859386446782E-005
504		1,284331361720879E-005	1,284331361720879E-005
505		1,804568319681354E-005	1,804568319681356E-005
506		1,899560365735389E-005	1,899560365735389E-005
507		2,012671364017640E-005	2,012671364017640E-005
508		2,052677051017973E-005	2,052677051017972E-005
509		1,518531017619277E-005	1,518531017619278E-005
510		1,481211580308455E-005	1,481211580308454E-005
511		1,413278934629754E-005	1,413278934629754E-005
512		1,331162262199159E-005	1,331162262199158E-005
513		5,064058766973561E-005	5,064058766973560E-005
514		1,601281120560060E-004	1,601281120560060E-004
515		1,624696443483142E-005	1,624696443483142E-005
516		1,034873086905598E-005	1,034873086905599E-005
517		1,217368940998596E-005	1,217368940998596E-005
518		1,200604803779450E-005	1,200604803779451E-005
519		1,206306652225916E-005	1,206306652225916E-005
520		2,464803435133839E-005	2,464803435133841E-005
521		1,899689069367891E-005	1,899689069367891E-005
522		1,255890792090449E-005	1,255890792090448E-005
523		1,090247925557251E-005	1,090247925557252E-005
524		1,231455833675147E-005	1,231455833675147E-005
525		4,157357579309958E-005	4,157357579309960E-005
526		2,463467418219678E-005	2,463467418219676E-005
527		1,259411174325336E-005	1,259411174325335E-005
528		9,353070683231356E-006	9,353070683231361E-006
End iteration: 529 		 ||f - Ax^j|| / ||r^0||: 9,353070683225737E-06
