Method: ComplexLocalOptimalScheme
SLAE Number: 1
Threads: 4
Smoothing: NoSmoothing
Total time: 7475 ms
Total iterations: 530

End iteration: 530 		 ||f - Ax^j|| / ||r^0||: 9,94123987876366E-06

Iteration	Residual		SmoothedResidual
---------	---------		---------------
1		5,958811309039839E-001	5,958811309039839E-001
2		2,226022977021693E-001	2,226022977021694E-001
3		1,896729150636447E-001	1,896729150636447E-001
4		1,825912219132348E-001	1,825912219132348E-001
5		2,028591756336330E-001	2,028591756336331E-001
6		1,381070894068708E-001	1,381070894068707E-001
7		1,241555222200078E-001	1,241555222200077E-001
8		9,983608619946854E-002	9,983608619946854E-002
9		9,819699865379256E-002	9,819699865379256E-002
10		1,120043775923224E-001	1,120043775923224E-001
11		1,017989561528871E-001	1,017989561528870E-001
12		5,144306305127420E-002	5,144306305127411E-002
13		3,486239312387127E-002	3,486239312387126E-002
14		3,434456813441127E-002	3,434456813441127E-002
15		2,949227887845652E-002	2,949227887845649E-002
16		5,689387431764374E-002	5,689387431764367E-002
17		2,744453088220284E-002	2,744453088220281E-002
18		2,326674236658123E-002	2,326674236658124E-002
19		2,470903766246851E-002	2,470903766246850E-002
20		1,770458097197627E-002	1,770458097197628E-002
21		1,743000763075797E-002	1,743000763075795E-002
22		1,366441171284194E-002	1,366441171284196E-002
23		1,756598792348057E-002	1,756598792348059E-002
24		1,833740552983720E-002	1,833740552983720E-002
25		1,965274009226629E-002	1,965274009226630E-002
26		1,499434296727087E-002	1,499434296727088E-002
27		9,466097169760825E-002	9,466097169760829E-002
28		7,873845402953074E-002	7,873845402953075E-002
29		4,779122456147512E-002	4,779122456147519E-002
30		3,786084533338198E-002	3,786084533338191E-002
31		3,513527223576640E-002	3,513527223576639E-002
32		2,493794058019525E-002	2,493794058019524E-002
33		3,790821478370734E-002	3,790821478370735E-002
34		7,697688153735933E-002	7,697688153735924E-002
35		3,388170855055574E-002	3,388170855055574E-002
36		7,663480613155697E-002	7,663480613155700E-002
37		7,908016263788001E-002	7,908016263787995E-002
38		2,026437435684276E-002	2,026437435684277E-002
39		1,887600979642124E-002	1,887600979642128E-002
40		4,682294764511226E-002	4,682294764511225E-002
41		1,159198954534014E-002	1,159198954534013E-002
42		1,609357345020487E-002	1,609357345020488E-002
43		1,049614395902699E-002	1,049614395902699E-002
44		8,689294136025507E-003	8,689294136025504E-003
45		6,879121187270686E-003	6,879121187270684E-003
46		1,250232816162868E-002	1,250232816162868E-002
47		6,165855403838415E-003	6,165855403838404E-003
48		5,989171791470607E-003	5,989171791470605E-003
49		1,898957068800622E-002	1,898957068800622E-002
50		4,617829888872655E-003	4,617829888872652E-003
51		5,310390008705443E-003	5,310390008705446E-003
52		5,649416108453288E-003	5,649416108453292E-003
53		4,714486201521340E-003	4,714486201521340E-003
54		4,712671719095867E-003	4,712671719095864E-003
55		5,413903521147234E-003	5,413903521147237E-003
56		7,557617045137706E-003	7,557617045137712E-003
57		8,585041184739454E-003	8,585041184739454E-003
58		1,111398547642137E-002	1,111398547642136E-002
59		1,190604670931884E-002	1,190604670931885E-002
60		1,543993698126961E-002	1,543993698126963E-002
61		1,498260666286689E-002	1,498260666286689E-002
62		6,130591750326072E-003	6,130591750326071E-003
63		4,499814702250892E-003	4,499814702250892E-003
64		4,253001765270972E-003	4,253001765270970E-003
65		5,862540168037458E-003	5,862540168037456E-003
66		5,414095187673613E-003	5,414095187673615E-003
67		5,620311124005134E-003	5,620311124005129E-003
68		5,657843093784997E-003	5,657843093784990E-003
69		5,396177871972477E-003	5,396177871972468E-003
70		3,715999606011209E-003	3,715999606011206E-003
71		4,111608509572726E-003	4,111608509572724E-003
72		3,352272320004400E-003	3,352272320004398E-003
73		3,493105279841699E-003	3,493105279841697E-003
74		3,952595199629637E-003	3,952595199629632E-003
75		4,261206243931478E-003	4,261206243931477E-003
76		1,196505262030934E-002	1,196505262030933E-002
77		3,174905969534869E-002	3,174905969534873E-002
78		1,273244757261378E-002	1,273244757261378E-002
79		4,123046566022144E-003	4,123046566022146E-003
80		6,119466186694186E-003	6,119466186694188E-003
81		3,661016707196063E-003	3,661016707196065E-003
82		5,917891955791304E-003	5,917891955791303E-003
83		3,148809242408824E-003	3,148809242408825E-003
84		2,737703721417168E-003	2,737703721417162E-003
85		2,997310929524593E-003	2,997310929524598E-003
86		1,555946993184828E-003	1,555946993184829E-003
87		2,211402418063991E-003	2,211402418063991E-003
88		2,556874922674013E-003	2,556874922674014E-003
89		1,461974884057305E-003	1,461974884057307E-003
90		1,383435469687667E-003	1,383435469687668E-003
91		1,574846022214645E-003	1,574846022214645E-003
92		1,291059333135216E-003	1,291059333135217E-003
93		1,306357947841022E-003	1,306357947841021E-003
94		1,242146167486156E-003	1,242146167486155E-003
95		1,245415135806730E-003	1,245415135806730E-003
96		1,283136483309445E-003	1,283136483309445E-003
97		1,256342369419423E-003	1,256342369419423E-003
98		1,440175494512293E-003	1,440175494512294E-003
99		1,943425950789005E-003	1,943425950789004E-003
100		2,984256432992237E-002	2,984256432992237E-002
101		1,688473030583194E-003	1,688473030583194E-003
102		2,120813064129212E-003	2,120813064129213E-003
103		1,840012839055309E-003	1,840012839055308E-003
104		1,492351749381834E-003	1,492351749381835E-003
105		1,310698804557664E-003	1,310698804557664E-003
106		1,710431686079674E-003	1,710431686079673E-003
107		1,210157492096428E-003	1,210157492096426E-003
108		1,321961448041122E-003	1,321961448041122E-003
109		1,302634907221874E-003	1,302634907221874E-003
110		1,389724316440313E-003	1,389724316440313E-003
111		1,200822211880718E-003	1,200822211880718E-003
112		1,425771904842160E-003	1,425771904842159E-003
113		9,246295928783327E-004	9,246295928783321E-004
114		1,172216966291866E-003	1,172216966291865E-003
115		1,643763468321797E-003	1,643763468321800E-003
116		1,849013263863464E-003	1,849013263863463E-003
117		1,242705751795859E-003	1,242705751795859E-003
118		1,182573342114596E-003	1,182573342114596E-003
119		6,843112864069468E-004	6,843112864069467E-004
120		1,084536734626810E-003	1,084536734626810E-003
121		7,210273954854082E-004	7,210273954854083E-004
122		7,769666720445075E-004	7,769666720445082E-004
123		6,834592918438502E-004	6,834592918438497E-004
124		8,287622414435190E-004	8,287622414435190E-004
125		8,940975694385715E-004	8,940975694385712E-004
126		1,123182401596094E-003	1,123182401596094E-003
127		2,135042903934299E-003	2,135042903934299E-003
128		1,874998045696875E-003	1,874998045696874E-003
129		8,645792984903235E-004	8,645792984903235E-004
130		8,313013609427572E-004	8,313013609427579E-004
131		1,082387473373780E-003	1,082387473373780E-003
132		8,022839300668669E-004	8,022839300668667E-004
133		8,817749734722874E-004	8,817749734722874E-004
134		1,143392351972914E-003	1,143392351972914E-003
135		2,581372031631808E-003	2,581372031631808E-003
136		1,714456100006893E-003	1,714456100006893E-003
137		3,214185017685614E-003	3,214185017685614E-003
138		2,555936272669162E-003	2,555936272669161E-003
139		2,369322311638420E-003	2,369322311638422E-003
140		1,738351108585107E-003	1,738351108585107E-003
141		1,725507224998038E-003	1,725507224998038E-003
142		1,803532520056831E-003	1,803532520056831E-003
143		1,892463118361317E-003	1,892463118361317E-003
144		3,053200394226968E-003	3,053200394226969E-003
145		3,631706091561748E-003	3,631706091561749E-003
146		3,456496987124057E-003	3,456496987124057E-003
147		2,487304433133651E-003	2,487304433133650E-003
148		3,708416467544277E-003	3,708416467544280E-003
149		1,833956682173491E-003	1,833956682173489E-003
150		1,954271258604329E-003	1,954271258604328E-003
151		4,507663393428069E-003	4,507663393428067E-003
152		2,320353613850370E-003	2,320353613850369E-003
153		2,416270107748916E-003	2,416270107748918E-003
154		2,536974537948387E-003	2,536974537948387E-003
155		2,276749375845028E-003	2,276749375845028E-003
156		3,350015180214302E-003	3,350015180214302E-003
157		2,638006530849512E-003	2,638006530849513E-003
158		4,147273397849018E-003	4,147273397849015E-003
159		7,375457798539016E-003	7,375457798539019E-003
160		2,010845014026576E-003	2,010845014026573E-003
161		1,269388707821640E-003	1,269388707821639E-003
162		1,219764768235569E-003	1,219764768235569E-003
163		1,306907871076977E-003	1,306907871076977E-003
164		1,244731938308701E-003	1,244731938308702E-003
165		8,642941748438807E-004	8,642941748438810E-004
166		7,136599048093529E-004	7,136599048093538E-004
167		1,037658241278883E-003	1,037658241278883E-003
168		8,829101906834373E-004	8,829101906834360E-004
169		8,635330875537441E-004	8,635330875537438E-004
170		1,620480367959158E-003	1,620480367959158E-003
171		7,954342842997907E-004	7,954342842997904E-004
172		7,427661477079701E-004	7,427661477079697E-004
173		1,243856192095279E-003	1,243856192095278E-003
174		1,070544518491045E-003	1,070544518491048E-003
175		9,551101838513178E-004	9,551101838513180E-004
176		9,290053721599255E-004	9,290053721599255E-004
177		7,809408300546468E-004	7,809408300546472E-004
178		7,859192221956811E-004	7,859192221956810E-004
179		5,148208583705785E-004	5,148208583705785E-004
180		4,903315981574359E-004	4,903315981574356E-004
181		6,301787233342086E-004	6,301787233342076E-004
182		5,912935252905844E-004	5,912935252905840E-004
183		6,973897556954283E-004	6,973897556954283E-004
184		1,561817230514203E-003	1,561817230514203E-003
185		4,251111080550733E-003	4,251111080550732E-003
186		1,729157521639466E-003	1,729157521639464E-003
187		1,944830284329910E-003	1,944830284329910E-003
188		7,082078226653655E-004	7,082078226653654E-004
189		6,090838364068362E-004	6,090838364068363E-004
190		8,378444143214095E-004	8,378444143214092E-004
191		3,766939735369672E-004	3,766939735369671E-004
192		4,057583314219141E-004	4,057583314219142E-004
193		3,277084932633706E-004	3,277084932633704E-004
194		5,527061140179243E-004	5,527061140179245E-004
195		1,886447407338860E-004	1,886447407338860E-004
196		2,119099582362372E-004	2,119099582362370E-004
197		3,746884375803138E-004	3,746884375803138E-004
198		3,176412535505996E-004	3,176412535505997E-004
199		5,545995842793550E-004	5,545995842793552E-004
200		3,061253674043405E-004	3,061253674043405E-004
201		3,694730344794244E-004	3,694730344794245E-004
202		5,871808798897137E-004	5,871808798897139E-004
203		2,531504101861434E-004	2,531504101861437E-004
204		4,437524158921144E-004	4,437524158921142E-004
205		3,123790842583003E-004	3,123790842583004E-004
206		3,104489236100011E-004	3,104489236100010E-004
207		5,824157858620267E-004	5,824157858620267E-004
208		2,864448655842993E-004	2,864448655842993E-004
209		8,621602525426707E-004	8,621602525426702E-004
210		2,952410045002526E-004	2,952410045002528E-004
211		1,376774266825933E-003	1,376774266825931E-003
212		1,969074130886608E-004	1,969074130886607E-004
213		1,803291292416342E-004	1,803291292416342E-004
214		1,479062052507931E-004	1,479062052507930E-004
215		1,302032826324934E-004	1,302032826324934E-004
216		1,349554195950160E-004	1,349554195950160E-004
217		1,418304014713271E-004	1,418304014713272E-004
218		1,943542136031525E-004	1,943542136031525E-004
219		1,453218499798310E-004	1,453218499798311E-004
220		1,905487504221594E-004	1,905487504221595E-004
221		1,553805866715289E-004	1,553805866715290E-004
222		2,213098598703861E-004	2,213098598703862E-004
223		1,826498440218023E-004	1,826498440218021E-004
224		1,697750903836893E-004	1,697750903836892E-004
225		1,455873080543997E-004	1,455873080543997E-004
226		3,321276449130703E-004	3,321276449130698E-004
227		3,239405856348690E-004	3,239405856348690E-004
228		2,286742135820863E-004	2,286742135820861E-004
229		1,222762995687892E-003	1,222762995687892E-003
230		3,382212111385538E-004	3,382212111385534E-004
231		3,349572722671172E-004	3,349572722671173E-004
232		4,127019803447936E-004	4,127019803447933E-004
233		5,585059245874499E-004	5,585059245874502E-004
234		5,787206658012570E-004	5,787206658012567E-004
235		5,967587573245033E-004	5,967587573245032E-004
236		1,522292340068697E-003	1,522292340068697E-003
237		1,373705683413201E-003	1,373705683413199E-003
238		4,342749043546912E-004	4,342749043546913E-004
239		4,399555725412389E-004	4,399555725412393E-004
240		4,815905745699096E-004	4,815905745699094E-004
241		2,464088124292273E-004	2,464088124292273E-004
242		1,916549687471942E-004	1,916549687471944E-004
243		2,008116069132882E-004	2,008116069132882E-004
244		2,436872544665292E-004	2,436872544665293E-004
245		5,268551363829149E-003	5,268551363829149E-003
246		2,692055686450672E-004	2,692055686450670E-004
247		2,590174255462287E-004	2,590174255462288E-004
248		4,786914124629154E-004	4,786914124629156E-004
249		1,937578537840264E-004	1,937578537840267E-004
250		1,680111569058506E-004	1,680111569058506E-004
251		1,633913434787978E-004	1,633913434787976E-004
252		1,851636818980285E-004	1,851636818980283E-004
253		1,300867733897087E-004	1,300867733897086E-004
254		1,145125222902347E-004	1,145125222902346E-004
255		1,159407751694495E-004	1,159407751694493E-004
256		1,287489675806562E-004	1,287489675806561E-004
257		1,306284912835359E-004	1,306284912835359E-004
258		1,399694341381128E-004	1,399694341381128E-004
259		2,891522941350128E-004	2,891522941350124E-004
260		2,937208788701883E-004	2,937208788701882E-004
261		3,043502114109497E-004	3,043502114109502E-004
262		1,972549031834865E-003	1,972549031834866E-003
263		3,096838302451569E-004	3,096838302451570E-004
264		5,303346279064195E-004	5,303346279064199E-004
265		1,620212458506976E-004	1,620212458506976E-004
266		1,653721804881793E-004	1,653721804881793E-004
267		1,564805337479070E-004	1,564805337479071E-004
268		1,944489323241751E-004	1,944489323241750E-004
269		1,369925592353802E-004	1,369925592353801E-004
270		1,465907713229422E-004	1,465907713229422E-004
271		1,229497681676040E-004	1,229497681676039E-004
272		1,211673694811922E-004	1,211673694811921E-004
273		1,022891079159487E-004	1,022891079159487E-004
274		1,575931084323132E-004	1,575931084323130E-004
275		5,794523053652017E-005	5,794523053652028E-005
276		5,634560394693901E-005	5,634560394693896E-005
277		5,091018428660859E-005	5,091018428660859E-005
278		5,012615297528349E-005	5,012615297528348E-005
279		5,841315266238807E-005	5,841315266238805E-005
280		4,296889101831681E-005	4,296889101831671E-005
281		5,800278836721515E-005	5,800278836721509E-005
282		5,404813206477855E-005	5,404813206477855E-005
283		6,353781939751381E-005	6,353781939751375E-005
284		4,778549640945367E-005	4,778549640945367E-005
285		4,123716976325424E-005	4,123716976325425E-005
286		4,145512824659020E-005	4,145512824659014E-005
287		4,178096575143006E-005	4,178096575143009E-005
288		4,505773466530589E-005	4,505773466530593E-005
289		4,923545171221321E-005	4,923545171221306E-005
290		6,780378066881630E-005	6,780378066881638E-005
291		8,329392287984862E-005	8,329392287984861E-005
292		8,051631091690477E-005	8,051631091690473E-005
293		5,573669211899354E-005	5,573669211899345E-005
294		4,458982407271731E-005	4,458982407271731E-005
295		4,374762420959301E-005	4,374762420959298E-005
296		9,154897328208726E-005	9,154897328208712E-005
297		5,897907810501619E-005	5,897907810501630E-005
298		5,748733094015610E-005	5,748733094015625E-005
299		5,140998964347129E-005	5,140998964347129E-005
300		4,343467715553585E-005	4,343467715553584E-005
301		6,037434467312605E-005	6,037434467312618E-005
302		4,111788168979623E-005	4,111788168979630E-005
303		4,489016233210635E-005	4,489016233210633E-005
304		2,461824921472736E-005	2,461824921472735E-005
305		3,776177647387034E-005	3,776177647387033E-005
306		4,380927549076330E-005	4,380927549076331E-005
307		2,877778432856061E-005	2,877778432856067E-005
308		2,006136309312365E-005	2,006136309312364E-005
309		2,269639111386182E-005	2,269639111386184E-005
310		2,197243576754406E-005	2,197243576754407E-005
311		2,037028307318239E-005	2,037028307318238E-005
312		2,462786899404142E-005	2,462786899404141E-005
313		1,901790493974592E-005	1,901790493974595E-005
314		2,097001488246275E-005	2,097001488246272E-005
315		2,692088863398947E-005	2,692088863398951E-005
316		2,359838921808034E-005	2,359838921808036E-005
317		2,555928032093015E-005	2,555928032093011E-005
318		1,782093126001921E-005	1,782093126001921E-005
319		1,576672975298435E-005	1,576672975298435E-005
320		1,593767418708918E-005	1,593767418708918E-005
321		1,500877933568966E-005	1,500877933568966E-005
322		1,834791869473537E-005	1,834791869473538E-005
323		1,849194356118723E-005	1,849194356118722E-005
324		2,398563296775425E-005	2,398563296775424E-005
325		1,273970385636388E-005	1,273970385636387E-005
326		1,273822135068517E-005	1,273822135068512E-005
327		1,401845117645189E-005	1,401845117645190E-005
328		1,178243950456409E-005	1,178243950456408E-005
329		1,169566830479494E-005	1,169566830479493E-005
330		1,172272208584217E-005	1,172272208584218E-005
331		1,321717454312520E-005	1,321717454312518E-005
332		1,228062857789139E-005	1,228062857789141E-005
333		1,236568115283802E-005	1,236568115283802E-005
334		1,228230463170594E-005	1,228230463170593E-005
335		1,792783442305526E-005	1,792783442305527E-005
336		1,746917252408479E-005	1,746917252408480E-005
337		1,117211005843656E-005	1,117211005843657E-005
338		1,161138913871032E-005	1,161138913871033E-005
339		1,093442074347742E-005	1,093442074347741E-005
340		1,056053365591494E-005	1,056053365591494E-005
341		1,050293689149641E-005	1,050293689149641E-005
342		1,080342612825038E-005	1,080342612825039E-005
343		1,174392450891519E-005	1,174392450891519E-005
344		1,067111707345862E-005	1,067111707345862E-005
345		1,085216887712055E-005	1,085216887712057E-005
346		1,106862644979591E-005	1,106862644979589E-005
347		1,117250241573400E-005	1,117250241573400E-005
348		1,135271345067039E-005	1,135271345067038E-005
349		1,225742959936070E-005	1,225742959936072E-005
350		1,160768223671672E-005	1,160768223671674E-005
351		1,428728414473843E-005	1,428728414473842E-005
352		1,150877638191790E-005	1,150877638191791E-005
353		1,141529158121757E-005	1,141529158121755E-005
354		1,156306131607758E-005	1,156306131607756E-005
355		1,262788571409574E-005	1,262788571409573E-005
356		1,331735004155788E-005	1,331735004155787E-005
357		1,395786019730348E-005	1,395786019730348E-005
358		1,410063652162837E-005	1,410063652162836E-005
359		2,256297976212013E-005	2,256297976212014E-005
360		1,675591749871763E-005	1,675591749871762E-005
361		7,053858200314635E-005	7,053858200314635E-005
362		5,829195644912487E-005	5,829195644912493E-005
363		5,124728301976957E-005	5,124728301976955E-005
364		3,768074470681085E-005	3,768074470681086E-005
365		1,787650537413227E-005	1,787650537413226E-005
366		1,823118453475533E-005	1,823118453475534E-005
367		1,642806394809222E-005	1,642806394809221E-005
368		1,714026537938284E-005	1,714026537938284E-005
369		3,268878030806411E-005	3,268878030806412E-005
370		1,900641883228593E-005	1,900641883228593E-005
371		2,068654668946203E-005	2,068654668946195E-005
372		2,475504076257891E-005	2,475504076257891E-005
373		5,111714811003289E-005	5,111714811003284E-005
374		2,390916309279409E-005	2,390916309279408E-005
375		2,169958291519786E-005	2,169958291519786E-005
376		4,336547721236767E-005	4,336547721236766E-005
377		3,366141531781999E-005	3,366141531781997E-005
378		2,737445824703414E-005	2,737445824703418E-005
379		2,935330960138864E-005	2,935330960138859E-005
380		3,043373439782770E-005	3,043373439782775E-005
381		6,183045003534793E-005	6,183045003534792E-005
382		4,937361794907541E-005	4,937361794907539E-005
383		5,474057493976620E-005	5,474057493976624E-005
384		3,978730302011511E-005	3,978730302011510E-005
385		3,124258181399440E-005	3,124258181399440E-005
386		1,907229774227571E-005	1,907229774227570E-005
387		1,636561396436017E-005	1,636561396436018E-005
388		8,490732858690074E-005	8,490732858690064E-005
389		3,044125227712670E-005	3,044125227712673E-005
390		1,399528360169162E-005	1,399528360169161E-005
391		1,206342626876556E-005	1,206342626876556E-005
392		1,176040000113023E-005	1,176040000113023E-005
393		1,182366182942279E-005	1,182366182942279E-005
394		1,143951545405837E-005	1,143951545405839E-005
395		1,143581026950360E-005	1,143581026950359E-005
396		1,301496787198548E-005	1,301496787198548E-005
397		1,423454772742312E-005	1,423454772742314E-005
398		1,475499216194989E-005	1,475499216194989E-005
399		1,918170638310771E-005	1,918170638310770E-005
400		1,967637509050319E-005	1,967637509050323E-005
401		3,102974404308656E-005	3,102974404308656E-005
402		4,022396331536564E-005	4,022396331536560E-005
403		1,467758339636059E-005	1,467758339636059E-005
404		1,406123025464519E-005	1,406123025464521E-005
405		1,391410565233113E-005	1,391410565233114E-005
406		1,505103914167441E-005	1,505103914167440E-005
407		1,548265908487899E-005	1,548265908487891E-005
408		1,529637574686481E-005	1,529637574686481E-005
409		1,607978405155840E-005	1,607978405155836E-005
410		2,280725950180802E-005	2,280725950180800E-005
411		4,117570461845540E-005	4,117570461845534E-005
412		3,076330740544241E-005	3,076330740544245E-005
413		3,424825615196737E-005	3,424825615196736E-005
414		2,457851147400700E-005	2,457851147400699E-005
415		1,842155888023549E-005	1,842155888023550E-005
416		2,355608312925473E-005	2,355608312925475E-005
417		2,629468024042465E-005	2,629468024042467E-005
418		3,307172145650435E-005	3,307172145650434E-005
419		2,122719815476950E-005	2,122719815476950E-005
420		1,907840367264996E-005	1,907840367264997E-005
421		2,559916812760109E-005	2,559916812760110E-005
422		3,342350813436616E-005	3,342350813436613E-005
423		2,798832097820817E-005	2,798832097820814E-005
424		2,676772205194696E-005	2,676772205194692E-005
425		2,346542915219322E-005	2,346542915219321E-005
426		2,219332578867341E-005	2,219332578867342E-005
427		2,985074283195696E-005	2,985074283195700E-005
428		2,516040904377512E-005	2,516040904377510E-005
429		4,335158996707337E-005	4,335158996707341E-005
430		5,801916260818985E-005	5,801916260818983E-005
431		7,300887249568584E-005	7,300887249568580E-005
432		1,362304745957758E-004	1,362304745957758E-004
433		6,294455793394370E-005	6,294455793394370E-005
434		8,350909845943340E-005	8,350909845943340E-005
435		1,451772305427930E-004	1,451772305427931E-004
436		2,566111441450255E-004	2,566111441450257E-004
437		2,190510090092459E-004	2,190510090092461E-004
438		1,725076255802260E-004	1,725076255802258E-004
439		3,928393466668596E-004	3,928393466668594E-004
440		2,312294793890411E-004	2,312294793890412E-004
441		1,787239499540426E-004	1,787239499540427E-004
442		1,833308823236229E-004	1,833308823236231E-004
443		1,085969129737267E-004	1,085969129737269E-004
444		7,041101022193535E-005	7,041101022193549E-005
445		6,837214426112444E-005	6,837214426112429E-005
446		6,477328059351548E-005	6,477328059351531E-005
447		6,004053490187693E-005	6,004053490187694E-005
448		2,064211482280089E-004	2,064211482280092E-004
449		6,759132752242708E-005	6,759132752242710E-005
450		5,950558727317934E-005	5,950558727317933E-005
451		6,394747058455234E-005	6,394747058455229E-005
452		6,552395258765218E-005	6,552395258765213E-005
453		8,669606723100395E-005	8,669606723100395E-005
454		6,656034595069635E-005	6,656034595069635E-005
455		6,489344652763703E-005	6,489344652763704E-005
456		6,785975918544531E-005	6,785975918544513E-005
457		8,977499884765929E-005	8,977499884765923E-005
458		6,807566320981037E-005	6,807566320981038E-005
459		1,208896432029453E-004	1,208896432029454E-004
460		1,120133731002798E-004	1,120133731002797E-004
461		6,555340153511447E-005	6,555340153511458E-005
462		6,398299636269508E-005	6,398299636269508E-005
463		6,828334331349778E-005	6,828334331349788E-005
464		7,297619663698747E-005	7,297619663698751E-005
465		6,665022072702239E-005	6,665022072702241E-005
466		6,460383577087200E-005	6,460383577087208E-005
467		7,394146882980364E-005	7,394146882980362E-005
468		6,639472073822716E-005	6,639472073822720E-005
469		7,391351180803185E-005	7,391351180803180E-005
470		5,976981291204332E-005	5,976981291204328E-005
471		5,944301026376500E-005	5,944301026376506E-005
472		6,101554505684452E-005	6,101554505684455E-005
473		6,204092587743206E-005	6,204092587743215E-005
474		6,136175277318872E-005	6,136175277318878E-005
475		1,685634547642726E-004	1,685634547642726E-004
476		4,653156638826660E-005	4,653156638826657E-005
477		4,906880158721064E-005	4,906880158721057E-005
478		4,559314311406773E-005	4,559314311406777E-005
479		4,958298430939282E-005	4,958298430939278E-005
480		4,078537108789941E-005	4,078537108789940E-005
481		3,522884573953506E-005	3,522884573953504E-005
482		3,575369764833025E-005	3,575369764833017E-005
483		4,530644390087489E-005	4,530644390087494E-005
484		4,554982584420694E-005	4,554982584420691E-005
485		4,803211371894734E-005	4,803211371894735E-005
486		3,526425510806957E-005	3,526425510806955E-005
487		3,762974748046649E-005	3,762974748046654E-005
488		2,685761004192964E-005	2,685761004192964E-005
489		2,427765390401660E-005	2,427765390401660E-005
490		4,795597460183656E-005	4,795597460183651E-005
491		1,824530561861479E-004	1,824530561861478E-004
492		4,723827515104202E-005	4,723827515104200E-005
493		2,280732586334949E-005	2,280732586334951E-005
494		2,309203018870236E-005	2,309203018870236E-005
495		2,631266353214353E-005	2,631266353214360E-005
496		3,213686053100646E-005	3,213686053100647E-005
497		6,865516660060697E-005	6,865516660060705E-005
498		2,104506983958679E-005	2,104506983958673E-005
499		1,744684127258805E-005	1,744684127258804E-005
500		1,958876965337162E-005	1,958876965337164E-005
501		2,000624828409113E-005	2,000624828409113E-005
502		2,089261708342496E-005	2,089261708342496E-005
503		1,696613314992970E-005	1,696613314992970E-005
504		1,516339629990766E-005	1,516339629990765E-005
505		1,675580660305886E-005	1,675580660305886E-005
506		1,665903959168434E-005	1,665903959168434E-005
507		2,072449510969401E-005	2,072449510969399E-005
508		2,196102886452890E-005	2,196102886452892E-005
509		1,738711496323396E-005	1,738711496323397E-005
510		5,085381961448522E-005	5,085381961448521E-005
511		1,533670594338980E-005	1,533670594338978E-005
512		8,833331068725093E-005	8,833331068725092E-005
513		1,544464117406873E-005	1,544464117406872E-005
514		1,820577859453297E-005	1,820577859453297E-005
515		1,205028454243011E-005	1,205028454243013E-005
516		1,302862474273626E-005	1,302862474273625E-005
517		1,724818323255546E-005	1,724818323255547E-005
518		1,155710840449768E-005	1,155710840449767E-005
519		1,368210175289935E-005	1,368210175289935E-005
520		1,648667226510856E-005	1,648667226510855E-005
521		1,407473216740257E-005	1,407473216740257E-005
522		1,836916044036672E-005	1,836916044036672E-005
523		2,640760931206143E-005	2,640760931206147E-005
524		1,200709139073654E-005	1,200709139073655E-005
525		2,218513761721627E-005	2,218513761721626E-005
526		1,421461762681843E-005	1,421461762681843E-005
527		1,330694595921246E-005	1,330694595921245E-005
528		1,394163330131820E-005	1,394163330131819E-005
529		9,941239878763585E-006	9,941239878763581E-006
End iteration: 530 		 ||f - Ax^j|| / ||r^0||: 9,94123987876366E-06
