Method: COCG
SLAE Number: 2
Threads: 1
Smoothing: NoSmoothing
Total time: 87343 ms
Total iterations: 1321

End iteration: 1321 		 ||f - Ax^j|| / ||r^0||: 9,79335333766621E-06

Iteration	Residual		SmoothedResidual
---------	---------		---------------
1		7,755598375485189E-001	1,000000000000000E+000
2		2,874283918882095E-001	2,874283918882095E-001
3		4,438053320356961E-001	2,874283918882095E-001
4		2,856923262226296E-001	2,856923262226296E-001
5		4,843119217275360E-001	2,856923262226296E-001
6		5,695214167922309E-001	5,695214167922309E-001
7		2,171222695097621E-001	5,695214167922309E-001
8		6,577788736939989E-001	6,577788736939989E-001
9		2,812346751805470E-001	6,577788736939989E-001
10		2,237411983304834E-001	2,237411983304834E-001
11		2,987893807009114E-001	2,237411983304834E-001
12		1,588375520982025E-001	1,588375520982025E-001
13		1,956188261920144E-001	1,588375520982025E-001
14		3,065676364412576E+000	3,065676364412576E+000
15		2,216906379155044E-001	3,065676364412576E+000
16		1,386035076976049E-001	1,386035076976049E-001
17		2,859392464450821E-001	1,386035076976049E-001
18		2,157085738287479E-001	2,157085738287479E-001
19		9,877542008093362E-002	2,157085738287479E-001
20		3,350944906424282E-001	3,350944906424282E-001
21		6,526547658601695E-002	3,350944906424282E-001
22		2,234173654937475E-001	2,234173654937475E-001
23		3,567662607622572E-001	2,234173654937475E-001
24		2,713181560802114E-001	2,713181560802114E-001
25		6,541897057937393E-001	2,713181560802114E-001
26		2,785236622456529E-001	2,785236622456529E-001
27		3,387578160751849E-001	2,785236622456529E-001
28		2,550746704129248E-001	2,550746704129248E-001
29		2,192707946587801E-001	2,550746704129248E-001
30		3,005033136363797E-001	3,005033136363797E-001
31		1,691219417633451E-001	3,005033136363797E-001
32		4,872735218142891E-001	4,872735218142891E-001
33		3,052417844504559E-001	4,872735218142891E-001
34		3,725355528045342E-001	3,725355528045342E-001
35		4,638576200451286E-001	3,725355528045342E-001
36		1,218079809668297E-001	1,218079809668297E-001
37		5,176044961622248E-001	1,218079809668297E-001
38		2,157509045039953E-001	2,157509045039953E-001
39		3,124707647019395E-001	2,157509045039953E-001
40		3,333442020950450E-001	3,333442020950450E-001
41		5,864016451153712E-001	3,333442020950450E-001
42		4,188082094105731E-001	4,188082094105731E-001
43		6,800788757052114E-001	4,188082094105731E-001
44		3,010485086246929E+000	3,010485086246929E+000
45		5,303075722113567E+000	3,010485086246929E+000
46		2,479775827338217E-001	2,479775827338217E-001
47		1,248692114957953E-001	2,479775827338217E-001
48		1,195790053194936E-001	1,195790053194936E-001
49		1,296429185257595E-001	1,195790053194936E-001
50		1,539006584693369E-001	1,539006584693369E-001
51		1,745508822961317E-001	1,539006584693369E-001
52		2,357624822811933E-001	2,357624822811933E-001
53		1,130082245153124E-001	2,357624822811933E-001
54		1,097613263778481E-001	1,097613263778481E-001
55		1,274155681485890E-001	1,097613263778481E-001
56		1,365273920719747E-001	1,365273920719747E-001
57		9,899759734031030E-002	1,365273920719747E-001
58		1,758015651649716E-001	1,758015651649716E-001
59		2,147253442806782E-001	1,758015651649716E-001
60		1,031405624431425E-001	1,031405624431425E-001
61		3,919310268159628E-001	1,031405624431425E-001
62		1,799047839498237E-001	1,799047839498237E-001
63		8,907383573741266E-002	1,799047839498237E-001
64		1,973956333003594E-001	1,973956333003594E-001
65		1,567406977252958E-001	1,973956333003594E-001
66		6,763005673870520E-002	6,763005673870520E-002
67		6,533263732843470E-002	6,763005673870520E-002
68		1,831964096709720E-001	1,831964096709720E-001
69		4,294516343999634E-001	1,831964096709720E-001
70		9,285861078775788E-002	9,285861078775788E-002
71		7,821291687844119E-002	9,285861078775788E-002
72		8,491708874252510E-002	8,491708874252510E-002
73		4,481271859384989E-002	8,491708874252510E-002
74		1,641432249341422E-001	1,641432249341422E-001
75		2,785914952800140E-001	1,641432249341422E-001
76		3,738035480386227E-001	3,738035480386227E-001
77		7,479027511077777E-001	3,738035480386227E-001
78		2,211789196997149E-001	2,211789196997149E-001
79		4,320424852890637E-001	2,211789196997149E-001
80		3,393349635251421E-001	3,393349635251421E-001
81		2,616535480763854E-001	3,393349635251421E-001
82		1,545460873008462E-001	1,545460873008462E-001
83		1,524998853794328E-001	1,545460873008462E-001
84		2,541113358062201E-001	2,541113358062201E-001
85		6,233371250151681E-002	2,541113358062201E-001
86		2,441711050349296E-001	2,441711050349296E-001
87		1,522077803940832E-001	2,441711050349296E-001
88		3,049422710180840E-001	3,049422710180840E-001
89		1,635106359406019E-001	3,049422710180840E-001
90		1,369125322667714E-001	1,369125322667714E-001
91		3,506704684009913E-002	1,369125322667714E-001
92		3,934199850973826E-001	3,934199850973826E-001
93		2,141944818678186E-001	3,934199850973826E-001
94		1,787164813608764E-001	1,787164813608764E-001
95		5,251068292925973E-002	1,787164813608764E-001
96		1,258999496028989E-001	1,258999496028989E-001
97		1,150621536880879E-001	1,258999496028989E-001
98		2,004293536716896E-001	2,004293536716896E-001
99		1,779935734253762E-001	2,004293536716896E-001
100		5,912049523141626E-002	5,912049523141626E-002
101		7,299702220284109E-002	5,912049523141626E-002
102		6,047678710426199E-001	6,047678710426199E-001
103		1,280935022757733E-001	6,047678710426199E-001
104		1,387197226419733E-001	1,387197226419733E-001
105		1,015563930938764E-001	1,387197226419733E-001
106		1,656738463979150E-001	1,656738463979150E-001
107		1,159443983906331E-001	1,656738463979150E-001
108		8,981757118589871E-002	8,981757118589871E-002
109		2,286443080331662E-001	8,981757118589871E-002
110		1,391386716033284E-001	1,391386716033284E-001
111		1,806961761489852E-001	1,391386716033284E-001
112		3,153870110129763E-001	3,153870110129763E-001
113		3,371896572127067E-001	3,153870110129763E-001
114		5,422500200042896E-002	5,422500200042896E-002
115		3,196968876580814E-001	5,422500200042896E-002
116		4,423955991442238E-001	4,423955991442238E-001
117		3,750794783011242E-002	4,423955991442238E-001
118		4,611905375182082E-002	4,611905375182082E-002
119		4,674755990810544E-002	4,611905375182082E-002
120		2,542974245478554E-002	2,542974245478554E-002
121		1,543756822976596E-002	2,542974245478554E-002
122		3,973107119835569E-002	3,973107119835569E-002
123		4,450256419962698E-002	3,973107119835569E-002
124		3,297470973685832E-002	3,297470973685832E-002
125		5,879957347361929E-002	3,297470973685832E-002
126		9,184422872740153E-002	9,184422872740153E-002
127		7,407477001604423E-002	9,184422872740153E-002
128		2,968534369080662E-002	2,968534369080662E-002
129		1,127774651757679E-001	2,968534369080662E-002
130		1,649468740143610E-001	1,649468740143610E-001
131		1,119161636647879E-001	1,649468740143610E-001
132		6,594011978474912E-002	6,594011978474912E-002
133		3,295241960629069E-002	6,594011978474912E-002
134		8,065673177347084E-002	8,065673177347084E-002
135		4,340886590047191E-002	8,065673177347084E-002
136		2,758058572281501E-002	2,758058572281501E-002
137		5,894769330981314E-002	2,758058572281501E-002
138		2,716708140288514E-002	2,716708140288514E-002
139		2,077280098733478E-002	2,716708140288514E-002
140		3,683073140534530E-002	3,683073140534530E-002
141		1,461638188726988E-002	3,683073140534530E-002
142		1,137257564560508E-002	1,137257564560508E-002
143		4,385822781955737E-003	1,137257564560508E-002
144		4,848270877593816E-003	4,848270877593816E-003
145		4,527066146867893E-003	4,848270877593816E-003
146		6,220665828395338E-003	6,220665828395338E-003
147		7,487958488871471E-003	6,220665828395338E-003
148		1,070054559589290E-002	1,070054559589290E-002
149		2,752957473378501E-002	1,070054559589290E-002
150		1,550655481916611E-002	1,550655481916611E-002
151		9,603339537310025E-002	1,550655481916611E-002
152		1,295303231876394E-001	1,295303231876394E-001
153		4,921862331833209E-002	1,295303231876394E-001
154		3,464667622742886E-002	3,464667622742886E-002
155		9,438855561299724E-002	3,464667622742886E-002
156		2,950660546822509E-002	2,950660546822509E-002
157		1,902875690011548E-002	2,950660546822509E-002
158		2,174078435205264E-002	2,174078435205264E-002
159		1,637232078196686E-002	2,174078435205264E-002
160		1,280670814827444E-002	1,280670814827444E-002
161		8,075349307604417E-003	1,280670814827444E-002
162		4,089063495220019E-003	4,089063495220019E-003
163		1,736699728691535E-002	4,089063495220019E-003
164		9,992365222894059E-003	9,992365222894059E-003
165		1,116955682426081E-002	9,992365222894059E-003
166		3,601498229917450E-003	3,601498229917450E-003
167		5,380110660428757E-003	3,601498229917450E-003
168		5,589411399737506E-003	5,589411399737506E-003
169		8,732381144397259E-003	5,589411399737506E-003
170		1,884231199178122E-002	1,884231199178122E-002
171		7,390837328333456E-003	1,884231199178122E-002
172		1,166728160531098E-002	1,166728160531098E-002
173		9,046435572663925E-003	1,166728160531098E-002
174		4,729794261398881E-003	4,729794261398881E-003
175		6,361480539547349E-003	4,729794261398881E-003
176		5,567249096048610E-003	5,567249096048610E-003
177		2,920217326529035E-003	5,567249096048610E-003
178		4,020212714112553E-003	4,020212714112553E-003
179		7,538465604871835E-003	4,020212714112553E-003
180		7,630314389821612E-003	7,630314389821612E-003
181		1,271994604537245E-002	7,630314389821612E-003
182		1,158621324782225E-002	1,158621324782225E-002
183		1,029285000870419E-002	1,158621324782225E-002
184		2,469958205940407E-002	2,469958205940407E-002
185		1,453568322729286E-002	2,469958205940407E-002
186		1,200397559783289E-002	1,200397559783289E-002
187		3,084588611016688E-002	1,200397559783289E-002
188		1,228345397642298E-002	1,228345397642298E-002
189		1,671971453991140E-002	1,228345397642298E-002
190		7,539436951877290E-003	7,539436951877290E-003
191		6,942977819124339E-003	7,539436951877290E-003
192		3,039187786432862E-003	3,039187786432862E-003
193		5,801221806326383E-003	3,039187786432862E-003
194		5,284580281492447E-002	5,284580281492447E-002
195		1,318481232355026E-002	5,284580281492447E-002
196		5,154798122173847E-003	5,154798122173847E-003
197		1,093977594731049E-002	5,154798122173847E-003
198		2,368278601413152E-002	2,368278601413152E-002
199		2,480971950200266E-002	2,368278601413152E-002
200		7,902188281621415E-003	7,902188281621415E-003
201		5,020185803982283E-003	7,902188281621415E-003
202		1,013871189721656E-002	1,013871189721656E-002
203		1,120865559105242E-002	1,013871189721656E-002
204		2,098809887267831E-002	2,098809887267831E-002
205		2,588626288802748E-002	2,098809887267831E-002
206		2,114356173904591E-002	2,114356173904591E-002
207		1,163296341475014E-002	2,114356173904591E-002
208		7,464489030931960E-003	7,464489030931960E-003
209		9,012579228633501E-003	7,464489030931960E-003
210		7,203037504655656E-003	7,203037504655656E-003
211		8,573063721607392E-003	7,203037504655656E-003
212		5,741172736423748E-003	5,741172736423748E-003
213		3,556053333505669E-003	5,741172736423748E-003
214		2,675935146322396E-003	2,675935146322396E-003
215		3,290467833426328E-003	2,675935146322396E-003
216		2,764868073787945E-003	2,764868073787945E-003
217		3,558905471176018E-003	2,764868073787945E-003
218		5,172518230414434E-003	5,172518230414434E-003
219		1,014222757899488E-002	5,172518230414434E-003
220		9,477707889412382E-003	9,477707889412382E-003
221		5,507600781255026E-003	9,477707889412382E-003
222		1,616177380702708E-002	1,616177380702708E-002
223		6,197556027263699E-003	1,616177380702708E-002
224		4,877440679528084E-003	4,877440679528084E-003
225		3,919778593937144E-003	4,877440679528084E-003
226		4,527781275198089E-003	4,527781275198089E-003
227		5,193234530732979E-003	4,527781275198089E-003
228		4,417059513601805E-003	4,417059513601805E-003
229		2,966731678327417E-003	4,417059513601805E-003
230		7,404629956382307E-003	7,404629956382307E-003
231		2,768529015278959E-003	7,404629956382307E-003
232		7,484603778845938E-003	7,484603778845938E-003
233		5,299090282982672E-003	7,484603778845938E-003
234		1,056541326030656E-002	1,056541326030656E-002
235		4,502334091012110E-003	1,056541326030656E-002
236		5,258715231620088E-003	5,258715231620088E-003
237		2,489559790234311E-003	5,258715231620088E-003
238		4,530024560484991E-003	4,530024560484991E-003
239		2,948150216215019E-003	4,530024560484991E-003
240		2,928820448188786E-003	2,928820448188786E-003
241		4,800531167397791E-003	2,928820448188786E-003
242		3,404349959633855E-003	3,404349959633855E-003
243		4,139128515213566E-003	3,404349959633855E-003
244		4,359334548852934E-003	4,359334548852934E-003
245		6,312613311396601E-003	4,359334548852934E-003
246		1,466872026984455E-002	1,466872026984455E-002
247		8,117936284978830E-003	1,466872026984455E-002
248		1,762249491121596E-002	1,762249491121596E-002
249		2,317120175877816E-002	1,762249491121596E-002
250		3,943362658425179E-002	3,943362658425179E-002
251		1,868312536336192E-002	3,943362658425179E-002
252		2,328183594076482E-002	2,328183594076482E-002
253		2,254385274647840E-002	2,328183594076482E-002
254		9,824179128023027E-003	9,824179128023027E-003
255		1,476127896233814E-002	9,824179128023027E-003
256		1,550403027093025E-002	1,550403027093025E-002
257		9,758309568251524E-003	1,550403027093025E-002
258		5,265594679150497E-003	5,265594679150497E-003
259		1,433865996296320E-002	5,265594679150497E-003
260		3,164923574479600E-002	3,164923574479600E-002
261		2,538754295488412E-002	3,164923574479600E-002
262		3,741516285339471E-002	3,741516285339471E-002
263		1,320299022880212E-002	3,741516285339471E-002
264		9,655517843343222E-003	9,655517843343222E-003
265		2,288719330241618E-002	9,655517843343222E-003
266		2,692176896095963E-002	2,692176896095963E-002
267		1,162875450210404E-002	2,692176896095963E-002
268		2,243365360281309E-002	2,243365360281309E-002
269		1,975132552429549E-002	2,243365360281309E-002
270		3,665488900314884E-002	3,665488900314884E-002
271		4,486443964959964E-002	3,665488900314884E-002
272		3,084270269705070E-002	3,084270269705070E-002
273		7,862327454505565E-002	3,084270269705070E-002
274		3,387517227012259E-002	3,387517227012259E-002
275		3,105508341364770E-002	3,387517227012259E-002
276		2,678075064512276E-002	2,678075064512276E-002
277		2,030364761405533E-002	2,678075064512276E-002
278		1,314011554749576E-001	1,314011554749576E-001
279		1,092462173045102E-002	1,314011554749576E-001
280		1,014331307838111E-002	1,014331307838111E-002
281		1,180425467185600E-002	1,014331307838111E-002
282		5,645450595324764E-002	5,645450595324764E-002
283		5,856086191786376E-002	5,645450595324764E-002
284		1,742954557615045E-002	1,742954557615045E-002
285		1,611106152217369E-002	1,742954557615045E-002
286		9,147345054533816E-003	9,147345054533816E-003
287		5,503991893244512E-003	9,147345054533816E-003
288		7,852327224927461E-003	7,852327224927461E-003
289		2,191933902134596E-002	7,852327224927461E-003
290		2,908900256848934E-002	2,908900256848934E-002
291		8,811524285842615E-003	2,908900256848934E-002
292		1,073336257050519E-002	1,073336257050519E-002
293		5,942480311793175E-003	1,073336257050519E-002
294		2,226609212312119E-002	2,226609212312119E-002
295		9,710244927296885E-003	2,226609212312119E-002
296		5,776778695415655E-003	5,776778695415655E-003
297		1,501579764713378E-002	5,776778695415655E-003
298		7,841277570667911E-003	7,841277570667911E-003
299		1,549370062090234E-002	7,841277570667911E-003
300		1,264055193030126E-002	1,264055193030126E-002
301		7,290162690725585E-003	1,264055193030126E-002
302		8,705574898486536E-003	8,705574898486536E-003
303		1,227946958953007E-002	8,705574898486536E-003
304		1,135434139712974E-002	1,135434139712974E-002
305		3,914565046751035E-003	1,135434139712974E-002
306		5,813317008677022E-003	5,813317008677022E-003
307		1,367834207082752E-002	5,813317008677022E-003
308		1,133082893226450E-002	1,133082893226450E-002
309		4,146487416729310E-003	1,133082893226450E-002
310		9,675741026328205E-003	9,675741026328205E-003
311		2,387600354541007E-002	9,675741026328205E-003
312		2,039962094369035E-002	2,039962094369035E-002
313		7,936271243499115E-003	2,039962094369035E-002
314		4,116685289957456E-003	4,116685289957456E-003
315		5,357135148394274E-003	4,116685289957456E-003
316		3,502583912493033E-003	3,502583912493033E-003
317		5,168997664729715E-003	3,502583912493033E-003
318		7,770693625724637E-003	7,770693625724637E-003
319		1,512970704664957E-002	7,770693625724637E-003
320		1,043387579067141E-002	1,043387579067141E-002
321		4,335896662216703E-003	1,043387579067141E-002
322		1,049518037062473E-002	1,049518037062473E-002
323		1,667875151961421E-002	1,049518037062473E-002
324		1,486240503928469E-002	1,486240503928469E-002
325		4,769820167416980E-002	1,486240503928469E-002
326		1,634658084922998E-002	1,634658084922998E-002
327		1,420010197703441E-002	1,634658084922998E-002
328		3,145503230522873E-002	3,145503230522873E-002
329		1,718130037352167E-002	3,145503230522873E-002
330		1,267566222423527E-001	1,267566222423527E-001
331		8,480707272580452E-002	1,267566222423527E-001
332		3,835558341031843E-002	3,835558341031843E-002
333		1,833886915369704E-002	3,835558341031843E-002
334		8,422582151515293E-003	8,422582151515293E-003
335		1,021427271247691E-002	8,422582151515293E-003
336		1,305653589225219E-002	1,305653589225219E-002
337		2,087177391006358E-002	1,305653589225219E-002
338		1,411828393987206E-002	1,411828393987206E-002
339		1,929518467209041E-002	1,411828393987206E-002
340		6,396516545792251E-003	6,396516545792251E-003
341		1,173922141699776E-002	6,396516545792251E-003
342		3,180840248067329E-003	3,180840248067329E-003
343		7,205518601654338E-003	3,180840248067329E-003
344		1,395147605783847E-002	1,395147605783847E-002
345		3,091694557092818E-002	1,395147605783847E-002
346		6,217348604605729E-003	6,217348604605729E-003
347		5,522242415888430E-003	6,217348604605729E-003
348		2,022367335921938E-002	2,022367335921938E-002
349		1,121560024346661E-002	2,022367335921938E-002
350		6,099510128931443E-003	6,099510128931443E-003
351		8,656612845329886E-002	6,099510128931443E-003
352		2,019930655168760E-002	2,019930655168760E-002
353		3,763890612820214E-003	2,019930655168760E-002
354		2,273214713533644E-003	2,273214713533644E-003
355		7,264823900185562E-003	2,273214713533644E-003
356		9,157945711974036E-003	9,157945711974036E-003
357		5,262252985227065E-003	9,157945711974036E-003
358		6,730009466890762E-003	6,730009466890762E-003
359		5,463529619861010E-003	6,730009466890762E-003
360		4,837702524248219E-003	4,837702524248219E-003
361		3,686363293247855E-003	4,837702524248219E-003
362		1,492769993708577E-002	1,492769993708577E-002
363		1,260932563626715E-002	1,492769993708577E-002
364		6,040883246933447E-003	6,040883246933447E-003
365		2,827302315221358E-003	6,040883246933447E-003
366		1,591064753879795E-002	1,591064753879795E-002
367		3,611868717268590E-003	1,591064753879795E-002
368		5,956317883437851E-003	5,956317883437851E-003
369		5,587562744724526E-003	5,956317883437851E-003
370		4,304031469143321E-003	4,304031469143321E-003
371		7,678400785609421E-003	4,304031469143321E-003
372		2,483752327687448E-003	2,483752327687448E-003
373		6,798200838155627E-003	2,483752327687448E-003
374		2,143618503697488E-003	2,143618503697488E-003
375		2,310604961640904E-003	2,143618503697488E-003
376		4,404062074770287E-003	4,404062074770287E-003
377		7,274261633875842E-003	4,404062074770287E-003
378		1,348048383401491E-002	1,348048383401491E-002
379		8,574096690090979E-003	1,348048383401491E-002
380		1,708138904198278E-002	1,708138904198278E-002
381		1,235569278013565E-002	1,708138904198278E-002
382		1,033748534990049E-002	1,033748534990049E-002
383		9,468964221441653E-003	1,033748534990049E-002
384		5,826063737773697E-003	5,826063737773697E-003
385		6,273417816652677E-003	5,826063737773697E-003
386		1,877487297149018E-002	1,877487297149018E-002
387		5,775914858857275E-003	1,877487297149018E-002
388		1,033556524886152E-002	1,033556524886152E-002
389		1,161617333959707E-002	1,033556524886152E-002
390		1,221374221970713E-002	1,221374221970713E-002
391		3,944710449010072E-003	1,221374221970713E-002
392		2,603645321106396E-003	2,603645321106396E-003
393		6,194813118824824E-003	2,603645321106396E-003
394		3,392813582926864E-003	3,392813582926864E-003
395		3,418252869612293E-003	3,392813582926864E-003
396		4,458680024934642E-003	4,458680024934642E-003
397		3,606253265660854E-003	4,458680024934642E-003
398		1,402695395309131E-003	1,402695395309131E-003
399		7,388419371373385E-003	1,402695395309131E-003
400		2,744887270064687E-002	2,744887270064687E-002
401		1,465260869867366E-003	2,744887270064687E-002
402		2,309884288234456E-003	2,309884288234456E-003
403		1,498461922759069E-003	2,309884288234456E-003
404		1,700703288315097E-003	1,700703288315097E-003
405		2,255647236126972E-003	1,700703288315097E-003
406		1,686380717344051E-003	1,686380717344051E-003
407		3,244371456930886E-003	1,686380717344051E-003
408		3,712529973484769E-003	3,712529973484769E-003
409		1,651284872111433E-003	3,712529973484769E-003
410		2,417277394816715E-003	2,417277394816715E-003
411		2,102680602755361E-003	2,417277394816715E-003
412		2,265801466188072E-003	2,265801466188072E-003
413		2,167081510408505E-003	2,265801466188072E-003
414		2,559879790071596E-003	2,559879790071596E-003
415		1,759952333043791E-003	2,559879790071596E-003
416		1,266439085474681E-003	1,266439085474681E-003
417		9,194149374164151E-004	1,266439085474681E-003
418		2,478157931043721E-003	2,478157931043721E-003
419		6,879052149839093E-003	2,478157931043721E-003
420		2,260386848431740E-003	2,260386848431740E-003
421		1,573067710832950E-003	2,260386848431740E-003
422		6,159522679491951E-003	6,159522679491951E-003
423		8,323280432229112E-004	6,159522679491951E-003
424		1,135225871311935E-003	1,135225871311935E-003
425		5,234426065089206E-004	1,135225871311935E-003
426		1,437216238595147E-003	1,437216238595147E-003
427		9,996815237616103E-004	1,437216238595147E-003
428		2,374737116205491E-003	2,374737116205491E-003
429		8,231900017136417E-004	2,374737116205491E-003
430		2,747685986973142E-003	2,747685986973142E-003
431		1,822341619210405E-003	2,747685986973142E-003
432		2,310320377138130E-003	2,310320377138130E-003
433		3,898850049823877E-003	2,310320377138130E-003
434		4,332488423338241E-003	4,332488423338241E-003
435		3,049427255169887E-003	4,332488423338241E-003
436		7,156765352292451E-003	7,156765352292451E-003
437		2,973776468181484E-002	7,156765352292451E-003
438		2,177001928616021E-003	2,177001928616021E-003
439		2,891175936194317E-003	2,177001928616021E-003
440		2,841000126026196E-003	2,841000126026196E-003
441		2,381054671619025E-003	2,841000126026196E-003
442		8,592565251836581E-003	8,592565251836581E-003
443		1,181516638618617E-002	8,592565251836581E-003
444		4,675406531272857E-003	4,675406531272857E-003
445		1,951782894651439E-002	4,675406531272857E-003
446		7,235597464744390E-003	7,235597464744390E-003
447		7,200020162857778E-003	7,235597464744390E-003
448		3,944488042254478E-003	3,944488042254478E-003
449		1,736937586399286E-002	3,944488042254478E-003
450		3,895443085521430E-003	3,895443085521430E-003
451		3,580426635395486E-003	3,895443085521430E-003
452		1,509756535480187E-002	1,509756535480187E-002
453		5,002125365916515E-003	1,509756535480187E-002
454		6,830376596080955E-003	6,830376596080955E-003
455		1,882574387974286E-003	6,830376596080955E-003
456		6,399780804072374E-003	6,399780804072374E-003
457		6,157127078119137E-003	6,399780804072374E-003
458		6,318377247388009E-003	6,318377247388009E-003
459		3,013801243453313E-003	6,318377247388009E-003
460		2,298196400858244E-003	2,298196400858244E-003
461		3,247366444811370E-003	2,298196400858244E-003
462		2,954509581365839E-003	2,954509581365839E-003
463		1,420260419537469E-003	2,954509581365839E-003
464		1,595927397768666E-003	1,595927397768666E-003
465		1,794579822069401E-003	1,595927397768666E-003
466		1,592275953509956E-003	1,592275953509956E-003
467		1,370813253163375E-003	1,592275953509956E-003
468		7,237771462611784E-003	7,237771462611784E-003
469		1,904827970072657E-003	7,237771462611784E-003
470		2,776385834131641E-003	2,776385834131641E-003
471		1,513475215947263E-003	2,776385834131641E-003
472		1,853789271876370E-003	1,853789271876370E-003
473		2,321227695176694E-003	1,853789271876370E-003
474		4,745653132816572E-003	4,745653132816572E-003
475		2,111802965240991E-003	4,745653132816572E-003
476		2,113224696851826E-003	2,113224696851826E-003
477		4,942397346866716E-003	2,113224696851826E-003
478		4,864397259785071E-003	4,864397259785071E-003
479		1,396484930582209E-003	4,864397259785071E-003
480		4,357498897614222E-003	4,357498897614222E-003
481		4,798566631887580E-003	4,357498897614222E-003
482		3,149789094134670E-003	3,149789094134670E-003
483		1,748674851799188E-003	3,149789094134670E-003
484		1,964267433086249E-003	1,964267433086249E-003
485		7,793664104727610E-004	1,964267433086249E-003
486		6,855156904378900E-004	6,855156904378900E-004
487		6,987344618636947E-004	6,855156904378900E-004
488		7,997029025899129E-004	7,997029025899129E-004
489		1,659487628510572E-003	7,997029025899129E-004
490		1,157529947714166E-003	1,157529947714166E-003
491		8,181057882251114E-004	1,157529947714166E-003
492		1,058311128729768E-003	1,058311128729768E-003
493		3,775042410268893E-003	1,058311128729768E-003
494		9,249583151282795E-004	9,249583151282795E-004
495		1,125873355495469E-003	9,249583151282795E-004
496		4,031097614204690E-003	4,031097614204690E-003
497		5,916549686173177E-003	4,031097614204690E-003
498		8,173807619539118E-004	8,173807619539118E-004
499		2,463081679521153E-003	8,173807619539118E-004
500		7,125053370917826E-003	7,125053370917826E-003
501		3,004512100072184E-003	7,125053370917826E-003
502		3,936954845995730E-003	3,936954845995730E-003
503		2,412125449917930E-003	3,936954845995730E-003
504		3,376385725624855E-003	3,376385725624855E-003
505		2,831485785184629E-003	3,376385725624855E-003
506		1,375625933165126E-002	1,375625933165126E-002
507		5,030032123047039E-003	1,375625933165126E-002
508		4,596192133911321E-003	4,596192133911321E-003
509		5,555118000951977E-003	4,596192133911321E-003
510		5,506035014238204E-003	5,506035014238204E-003
511		8,488199537851137E-003	5,506035014238204E-003
512		4,117922448375376E-003	4,117922448375376E-003
513		2,050628887592575E-003	4,117922448375376E-003
514		1,671058289034909E-003	1,671058289034909E-003
515		2,415569805742038E-003	1,671058289034909E-003
516		6,171521406219983E-003	6,171521406219983E-003
517		1,633999995599368E-003	6,171521406219983E-003
518		1,187083958701620E-003	1,187083958701620E-003
519		1,370782618680775E-003	1,187083958701620E-003
520		2,090097760893040E-003	2,090097760893040E-003
521		1,630217486810859E-003	2,090097760893040E-003
522		1,181818960178815E-002	1,181818960178815E-002
523		1,686937240850256E-003	1,181818960178815E-002
524		1,414967373861405E-003	1,414967373861405E-003
525		1,737623300701033E-003	1,414967373861405E-003
526		1,337977984956479E-003	1,337977984956479E-003
527		6,143653347610953E-004	1,337977984956479E-003
528		6,094269896661226E-004	6,094269896661226E-004
529		7,819037839994856E-004	6,094269896661226E-004
530		1,487302923024053E-003	1,487302923024053E-003
531		1,007301527087069E-003	1,487302923024053E-003
532		2,499726607450745E-003	2,499726607450745E-003
533		2,444460693245560E-003	2,499726607450745E-003
534		1,747787667003879E-003	1,747787667003879E-003
535		2,674449777564134E-003	1,747787667003879E-003
536		3,586029838959713E-003	3,586029838959713E-003
537		2,188052466999177E-003	3,586029838959713E-003
538		1,751492488183765E-003	1,751492488183765E-003
539		9,291940805600130E-003	1,751492488183765E-003
540		1,805596405107422E-003	1,805596405107422E-003
541		1,886172757008778E-003	1,805596405107422E-003
542		1,506664263556035E-003	1,506664263556035E-003
543		2,093412959246228E-003	1,506664263556035E-003
544		1,389928180454480E-003	1,389928180454480E-003
545		1,101213921609015E-003	1,389928180454480E-003
546		2,015288272099198E-003	2,015288272099198E-003
547		1,188479788877551E-003	2,015288272099198E-003
548		6,605997801308568E-004	6,605997801308568E-004
549		4,067715372557305E-004	6,605997801308568E-004
550		5,472950527831921E-004	5,472950527831921E-004
551		7,813832411957300E-004	5,472950527831921E-004
552		2,788094662913689E-003	2,788094662913689E-003
553		6,845611122950714E-004	2,788094662913689E-003
554		7,828325462454181E-004	7,828325462454181E-004
555		2,101634379160168E-003	7,828325462454181E-004
556		3,864643915758226E-004	3,864643915758226E-004
557		1,143910434618247E-003	3,864643915758226E-004
558		1,042579866607562E-003	1,042579866607562E-003
559		2,185165444678779E-003	1,042579866607562E-003
560		2,813617824149335E-003	2,813617824149335E-003
561		2,465910307201881E-003	2,813617824149335E-003
562		2,995942083273600E-003	2,995942083273600E-003
563		1,637298400990813E-003	2,995942083273600E-003
564		8,859937213053768E-004	8,859937213053768E-004
565		7,524735571190095E-004	8,859937213053768E-004
566		1,654057984781638E-003	1,654057984781638E-003
567		3,121347808485021E-004	1,654057984781638E-003
568		8,185525577977217E-004	8,185525577977217E-004
569		9,974031733814871E-004	8,185525577977217E-004
570		1,485024886178774E-003	1,485024886178774E-003
571		5,809516128933037E-004	1,485024886178774E-003
572		1,354387152134197E-003	1,354387152134197E-003
573		5,622826216652677E-004	1,354387152134197E-003
574		3,853307690313558E-004	3,853307690313558E-004
575		3,248159386471171E-004	3,853307690313558E-004
576		1,989856912982951E-003	1,989856912982951E-003
577		2,771247922650063E-003	1,989856912982951E-003
578		1,388696996464493E-003	1,388696996464493E-003
579		5,251794050729764E-004	1,388696996464493E-003
580		3,171382527212509E-004	3,171382527212509E-004
581		4,042915774447288E-004	3,171382527212509E-004
582		2,719765449099255E-004	2,719765449099255E-004
583		4,179874723184567E-004	2,719765449099255E-004
584		2,660162139684201E-004	2,660162139684201E-004
585		1,991948753377744E-004	2,660162139684201E-004
586		1,594053739686882E-004	1,594053739686882E-004
587		1,781944688225072E-004	1,594053739686882E-004
588		1,889222084192526E-004	1,889222084192526E-004
589		1,802389437932067E-004	1,889222084192526E-004
590		4,581281426556945E-004	4,581281426556945E-004
591		5,255147620698682E-004	4,581281426556945E-004
592		4,243614060357801E-004	4,243614060357801E-004
593		1,894002782675055E-004	4,243614060357801E-004
594		3,304833150550801E-004	3,304833150550801E-004
595		3,571372300210318E-004	3,304833150550801E-004
596		2,699590449512345E-004	2,699590449512345E-004
597		1,733230451134115E-004	2,699590449512345E-004
598		1,609598804550699E-004	1,609598804550699E-004
599		2,315412910317002E-004	1,609598804550699E-004
600		2,739242230104496E-004	2,739242230104496E-004
601		2,236052886754437E-004	2,739242230104496E-004
602		2,814791382501743E-004	2,814791382501743E-004
603		2,911630500794768E-004	2,814791382501743E-004
604		1,490209218825681E-004	1,490209218825681E-004
605		2,272854726025995E-004	1,490209218825681E-004
606		9,235303722350747E-005	9,235303722350747E-005
607		7,223177975491002E-005	9,235303722350747E-005
608		1,720619321338693E-004	1,720619321338693E-004
609		2,608758528524022E-004	1,720619321338693E-004
610		3,607756091883724E-004	3,607756091883724E-004
611		3,199846509953496E-004	3,607756091883724E-004
612		1,523902871965125E-003	1,523902871965125E-003
613		2,988885220704146E-004	1,523902871965125E-003
614		2,467600209906426E-004	2,467600209906426E-004
615		2,563905683526334E-004	2,467600209906426E-004
616		6,633355291097451E-004	6,633355291097451E-004
617		5,289409375068198E-004	6,633355291097451E-004
618		2,237209306622052E-004	2,237209306622052E-004
619		3,094429031467934E-004	2,237209306622052E-004
620		4,879082625257235E-004	4,879082625257235E-004
621		1,344154538324228E-003	4,879082625257235E-004
622		4,585248700883482E-004	4,585248700883482E-004
623		8,697085544397344E-004	4,585248700883482E-004
624		6,010249662274302E-004	6,010249662274302E-004
625		1,443776159772823E-003	6,010249662274302E-004
626		7,140820201071180E-004	7,140820201071180E-004
627		1,273485489946959E-003	7,140820201071180E-004
628		2,464829927646034E-003	2,464829927646034E-003
629		9,199157432905209E-004	2,464829927646034E-003
630		6,840937616455388E-004	6,840937616455388E-004
631		3,296170890885323E-004	6,840937616455388E-004
632		3,748645934361706E-004	3,748645934361706E-004
633		4,102445064071019E-004	3,748645934361706E-004
634		5,981021241561032E-004	5,981021241561032E-004
635		7,418891441645435E-004	5,981021241561032E-004
636		3,760705983085978E-004	3,760705983085978E-004
637		3,804052051905846E-004	3,760705983085978E-004
638		7,261661809120330E-004	7,261661809120330E-004
639		8,895727633899948E-004	7,261661809120330E-004
640		1,108764632373383E-003	1,108764632373383E-003
641		2,768433624983782E-003	1,108764632373383E-003
642		1,254360951701187E-003	1,254360951701187E-003
643		9,438343108526843E-004	1,254360951701187E-003
644		8,351562804260322E-004	8,351562804260322E-004
645		7,371092572392061E-004	8,351562804260322E-004
646		2,036157799672354E-003	2,036157799672354E-003
647		8,008215680703071E-004	2,036157799672354E-003
648		1,260090860978894E-003	1,260090860978894E-003
649		1,019090573687470E-002	1,260090860978894E-003
650		8,580944078090778E-004	8,580944078090778E-004
651		7,003016687152227E-004	8,580944078090778E-004
652		1,000067809775733E-003	1,000067809775733E-003
653		8,803484647560513E-004	1,000067809775733E-003
654		8,606239433181466E-004	8,606239433181466E-004
655		5,351610030428005E-003	8,606239433181466E-004
656		1,505608918951835E-003	1,505608918951835E-003
657		8,668977249488735E-004	1,505608918951835E-003
658		7,663548612815058E-004	7,663548612815058E-004
659		1,582024909764448E-003	7,663548612815058E-004
660		2,083309548170552E-003	2,083309548170552E-003
661		1,125916870179398E-003	2,083309548170552E-003
662		1,410497545598140E-003	1,410497545598140E-003
663		1,418127930954756E-003	1,410497545598140E-003
664		1,016488778940428E-003	1,016488778940428E-003
665		1,732925537764006E-003	1,016488778940428E-003
666		5,843070236650484E-004	5,843070236650484E-004
667		4,215141876455977E-004	5,843070236650484E-004
668		4,735989606791678E-004	4,735989606791678E-004
669		7,129603649242917E-004	4,735989606791678E-004
670		5,409346560580347E-004	5,409346560580347E-004
671		6,632193882652001E-004	5,409346560580347E-004
672		1,234103403690629E-003	1,234103403690629E-003
673		7,671399341524166E-004	1,234103403690629E-003
674		5,567419791575434E-004	5,567419791575434E-004
675		7,901572509773166E-004	5,567419791575434E-004
676		6,025258624118273E-004	6,025258624118273E-004
677		5,218365257988097E-004	6,025258624118273E-004
678		3,169938731062405E-004	3,169938731062405E-004
679		4,785742683258308E-004	3,169938731062405E-004
680		7,521933389632832E-004	7,521933389632832E-004
681		2,918184283038235E-004	7,521933389632832E-004
682		3,398733562907985E-004	3,398733562907985E-004
683		4,888678119124816E-004	3,398733562907985E-004
684		9,120482074571480E-004	9,120482074571480E-004
685		7,477274927955652E-004	9,120482074571480E-004
686		9,699883199397100E-004	9,699883199397100E-004
687		1,733745069748261E-003	9,699883199397100E-004
688		8,728206518169670E-004	8,728206518169670E-004
689		7,830622958186896E-004	8,728206518169670E-004
690		4,504450231330509E-004	4,504450231330509E-004
691		5,863002863289662E-004	4,504450231330509E-004
692		1,070379320390095E-003	1,070379320390095E-003
693		1,797341057319418E-003	1,070379320390095E-003
694		3,795090581573908E-004	3,795090581573908E-004
695		3,106829670191973E-004	3,795090581573908E-004
696		4,253653522746863E-004	4,253653522746863E-004
697		1,569458600292860E-004	4,253653522746863E-004
698		2,352239721852923E-004	2,352239721852923E-004
699		1,868057918169319E-003	2,352239721852923E-004
700		2,370223365905291E-004	2,370223365905291E-004
701		1,313022233638445E-004	2,370223365905291E-004
702		1,460565652518662E-004	1,460565652518662E-004
703		4,758021453163089E-004	1,460565652518662E-004
704		1,889966732789222E-004	1,889966732789222E-004
705		1,574760812177104E-004	1,889966732789222E-004
706		2,602633882499308E-004	2,602633882499308E-004
707		3,333306674383626E-004	2,602633882499308E-004
708		4,167306169644549E-004	4,167306169644549E-004
709		6,739495720927416E-004	4,167306169644549E-004
710		3,688936313564459E-004	3,688936313564459E-004
711		5,231791719537631E-004	3,688936313564459E-004
712		8,022861327789344E-004	8,022861327789344E-004
713		9,894235219922961E-004	8,022861327789344E-004
714		1,414562167269492E-003	1,414562167269492E-003
715		1,086722412421239E-003	1,414562167269492E-003
716		2,306285973100634E-003	2,306285973100634E-003
717		1,016171448628441E-003	2,306285973100634E-003
718		1,292248030612590E-003	1,292248030612590E-003
719		1,922647011824735E-003	1,292248030612590E-003
720		2,538980107464635E-003	2,538980107464635E-003
721		1,067250190663867E-003	2,538980107464635E-003
722		9,365971602722613E-004	9,365971602722613E-004
723		8,877230764827139E-004	9,365971602722613E-004
724		6,484123985743231E-004	6,484123985743231E-004
725		9,793580042617434E-004	6,484123985743231E-004
726		2,611613153393338E-003	2,611613153393338E-003
727		7,265849551627092E-004	2,611613153393338E-003
728		4,604631822796626E-004	4,604631822796626E-004
729		5,164084080497947E-004	4,604631822796626E-004
730		1,227509807464590E-003	1,227509807464590E-003
731		1,357212496354344E-003	1,227509807464590E-003
732		1,011975823581214E-003	1,011975823581214E-003
733		8,145412067602583E-004	1,011975823581214E-003
734		1,700189158599973E-003	1,700189158599973E-003
735		1,277506365094049E-003	1,700189158599973E-003
736		2,613011526805026E-003	2,613011526805026E-003
737		5,956486363772296E-004	2,613011526805026E-003
738		4,547111213098916E-004	4,547111213098916E-004
739		3,942979054373273E-004	4,547111213098916E-004
740		5,521636827045032E-004	5,521636827045032E-004
741		2,423883616007238E-003	5,521636827045032E-004
742		1,024199234738566E-003	1,024199234738566E-003
743		7,029603901069729E-004	1,024199234738566E-003
744		1,815872216557102E-003	1,815872216557102E-003
745		6,562520158906703E-004	1,815872216557102E-003
746		8,415208910275907E-004	8,415208910275907E-004
747		6,689496145497023E-004	8,415208910275907E-004
748		6,140250945813630E-004	6,140250945813630E-004
749		4,420747704235678E-004	6,140250945813630E-004
750		7,009300837196692E-004	7,009300837196692E-004
751		3,364220764597372E-003	7,009300837196692E-004
752		8,744306745477542E-004	8,744306745477542E-004
753		6,345254691387084E-004	8,744306745477542E-004
754		7,191621878223372E-004	7,191621878223372E-004
755		1,391685886204049E-003	7,191621878223372E-004
756		8,692094751912353E-004	8,692094751912353E-004
757		9,318942364798258E-002	8,692094751912353E-004
758		3,225798388147778E-003	3,225798388147778E-003
759		4,021642474474883E-003	3,225798388147778E-003
760		1,843697083140969E-003	1,843697083140969E-003
761		3,989835753468849E-003	1,843697083140969E-003
762		5,767074160601500E-004	5,767074160601500E-004
763		1,036571263874904E-003	5,767074160601500E-004
764		1,077744334338010E-003	1,077744334338010E-003
765		7,415335526622108E-004	1,077744334338010E-003
766		1,168197987277326E-003	1,168197987277326E-003
767		4,294458637408193E-003	1,168197987277326E-003
768		2,546655255841401E-003	2,546655255841401E-003
769		1,004716852061837E-003	2,546655255841401E-003
770		7,356718623227806E-004	7,356718623227806E-004
771		7,373198657925831E-004	7,356718623227806E-004
772		6,930256158950154E-004	6,930256158950154E-004
773		5,874193042249907E-004	6,930256158950154E-004
774		6,416414738951717E-004	6,416414738951717E-004
775		9,648526235854174E-004	6,416414738951717E-004
776		8,258063593061904E-004	8,258063593061904E-004
777		1,178666841121696E-003	8,258063593061904E-004
778		1,680008937479686E-003	1,680008937479686E-003
779		2,586916138083178E-003	1,680008937479686E-003
780		1,904128035047764E-003	1,904128035047764E-003
781		1,396271710329308E-003	1,904128035047764E-003
782		7,686144024858626E-004	7,686144024858626E-004
783		1,868875958343313E-003	7,686144024858626E-004
784		3,008352275661474E-003	3,008352275661474E-003
785		1,748449624916980E-003	3,008352275661474E-003
786		1,149664274932063E-003	1,149664274932063E-003
787		1,075126571838582E-003	1,149664274932063E-003
788		5,267226451441210E-004	5,267226451441210E-004
789		5,638216544998403E-004	5,267226451441210E-004
790		1,745762475125721E-003	1,745762475125721E-003
791		1,259868057897406E-003	1,745762475125721E-003
792		1,104781826216694E-003	1,104781826216694E-003
793		1,348919673979535E-003	1,104781826216694E-003
794		3,348542944645867E-004	3,348542944645867E-004
795		6,468797699223375E-004	3,348542944645867E-004
796		1,769469906829733E-004	1,769469906829733E-004
797		1,640860171103129E-004	1,769469906829733E-004
798		1,683941752763945E-004	1,683941752763945E-004
799		2,493383394764211E-004	1,683941752763945E-004
800		3,836461968397138E-004	3,836461968397138E-004
801		1,847173713606892E-004	3,836461968397138E-004
802		2,133727414213450E-004	2,133727414213450E-004
803		2,516453181117346E-004	2,133727414213450E-004
804		2,855196635969754E-004	2,855196635969754E-004
805		6,865653684389566E-004	2,855196635969754E-004
806		2,005778341190300E-003	2,005778341190300E-003
807		1,054859450990897E-003	2,005778341190300E-003
808		1,063481303787979E-003	1,063481303787979E-003
809		5,764790519160659E-004	1,063481303787979E-003
810		7,810193759700587E-004	7,810193759700587E-004
811		5,875448924763823E-004	7,810193759700587E-004
812		7,015160558996318E-004	7,015160558996318E-004
813		6,870154863084361E-004	7,015160558996318E-004
814		1,185457100286976E-003	1,185457100286976E-003
815		7,261269010027463E-004	1,185457100286976E-003
816		2,283949255344326E-003	2,283949255344326E-003
817		4,853721939225322E-003	2,283949255344326E-003
818		8,108034630762279E-004	8,108034630762279E-004
819		3,793387546547533E-004	8,108034630762279E-004
820		1,199765839235494E-003	1,199765839235494E-003
821		1,901029994204359E-003	1,199765839235494E-003
822		8,632072348265980E-004	8,632072348265980E-004
823		1,516656543033989E-003	8,632072348265980E-004
824		1,582732169278126E-003	1,582732169278126E-003
825		1,532587916752165E-003	1,582732169278126E-003
826		1,591821592051563E-002	1,591821592051563E-002
827		9,940514986917811E-004	1,591821592051563E-002
828		1,069679830963300E-003	1,069679830963300E-003
829		7,798106344111501E-004	1,069679830963300E-003
830		5,758864695014573E-004	5,758864695014573E-004
831		1,069527560851790E-003	5,758864695014573E-004
832		1,621180715092647E-003	1,621180715092647E-003
833		3,378363070693295E-004	1,621180715092647E-003
834		4,655020666507610E-004	4,655020666507610E-004
835		5,584027893074048E-004	4,655020666507610E-004
836		5,618287076755871E-004	5,618287076755871E-004
837		1,745483783624984E-003	5,618287076755871E-004
838		2,494205036670320E-004	2,494205036670320E-004
839		8,533491010508107E-004	2,494205036670320E-004
840		1,505157312126174E-003	1,505157312126174E-003
841		9,112180310783220E-004	1,505157312126174E-003
842		2,375319013996562E-003	2,375319013996562E-003
843		1,518719365350059E-003	2,375319013996562E-003
844		2,059731967408161E-003	2,059731967408161E-003
845		8,074935831713852E-004	2,059731967408161E-003
846		9,040692520348021E-004	9,040692520348021E-004
847		8,888050708181923E-004	9,040692520348021E-004
848		8,220940854552188E-004	8,220940854552188E-004
849		3,274789764980850E-004	8,220940854552188E-004
850		2,728545907899437E-004	2,728545907899437E-004
851		5,617870058684478E-004	2,728545907899437E-004
852		3,931846088473868E-004	3,931846088473868E-004
853		1,470133277753177E-003	3,931846088473868E-004
854		1,477753329661626E-003	1,477753329661626E-003
855		2,542266975494718E-003	1,477753329661626E-003
856		1,681309503360485E-003	1,681309503360485E-003
857		2,399018805282086E-003	1,681309503360485E-003
858		5,933592770094065E-003	5,933592770094065E-003
859		1,055229668163579E-003	5,933592770094065E-003
860		4,130346250250471E-003	4,130346250250471E-003
861		1,075468379093954E-003	4,130346250250471E-003
862		5,378378765461793E-004	5,378378765461793E-004
863		5,644028947373465E-004	5,378378765461793E-004
864		9,731763053142967E-004	9,731763053142967E-004
865		1,641262913574181E-003	9,731763053142967E-004
866		9,953990381316167E-004	9,953990381316167E-004
867		8,320604579988343E-004	9,953990381316167E-004
868		4,726196660927541E-004	4,726196660927541E-004
869		1,845940404659988E-004	4,726196660927541E-004
870		2,918120770474567E-004	2,918120770474567E-004
871		4,012997261397570E-004	2,918120770474567E-004
872		7,384681668086781E-004	7,384681668086781E-004
873		2,920098299609177E-004	7,384681668086781E-004
874		7,780302401026828E-004	7,780302401026828E-004
875		2,800348414814892E-004	7,780302401026828E-004
876		1,557941501586086E-004	1,557941501586086E-004
877		1,108420246164633E-004	1,557941501586086E-004
878		2,722992233038169E-004	2,722992233038169E-004
879		6,539528984969449E-005	2,722992233038169E-004
880		1,573682847731646E-004	1,573682847731646E-004
881		2,036714237944647E-004	1,573682847731646E-004
882		1,091474056842628E-004	1,091474056842628E-004
883		6,910727964532822E-005	1,091474056842628E-004
884		2,759049818296194E-004	2,759049818296194E-004
885		9,130865465364384E-005	2,759049818296194E-004
886		9,342554483197005E-005	9,342554483197005E-005
887		3,909346351808058E-004	9,342554483197005E-005
888		8,392130849176113E-005	8,392130849176113E-005
889		1,085773091546064E-004	8,392130849176113E-005
890		1,492496078935896E-004	1,492496078935896E-004
891		2,631174309414183E-004	1,492496078935896E-004
892		1,627129124578320E-004	1,627129124578320E-004
893		9,681633069479928E-005	1,627129124578320E-004
894		7,633551937821686E-005	7,633551937821686E-005
895		6,571725326232971E-005	7,633551937821686E-005
896		8,116775854177356E-005	8,116775854177356E-005
897		8,022233317493810E-005	8,116775854177356E-005
898		9,426883750939067E-005	9,426883750939067E-005
899		6,284723196875806E-005	9,426883750939067E-005
900		1,163018632673337E-004	1,163018632673337E-004
901		1,534418126437816E-004	1,163018632673337E-004
902		2,418269814482827E-004	2,418269814482827E-004
903		2,560655907402540E-004	2,418269814482827E-004
904		1,319356064996909E-004	1,319356064996909E-004
905		9,876056606104314E-005	1,319356064996909E-004
906		2,087011352630557E-004	2,087011352630557E-004
907		1,703469518499870E-004	2,087011352630557E-004
908		5,027740169286517E-004	5,027740169286517E-004
909		8,122277013519375E-005	5,027740169286517E-004
910		2,363164300117548E-004	2,363164300117548E-004
911		5,060565122712041E-004	2,363164300117548E-004
912		6,981746979657290E-004	6,981746979657290E-004
913		1,099623359374380E-003	6,981746979657290E-004
914		3,615709812515603E-004	3,615709812515603E-004
915		4,275159235350627E-004	3,615709812515603E-004
916		1,316245221484560E-003	1,316245221484560E-003
917		2,658721687224387E-004	1,316245221484560E-003
918		1,178521000500892E-004	1,178521000500892E-004
919		1,611737026649262E-004	1,178521000500892E-004
920		2,076659216120112E-004	2,076659216120112E-004
921		2,956250484161319E-004	2,076659216120112E-004
922		1,703713407361042E-004	1,703713407361042E-004
923		8,951751409065557E-005	1,703713407361042E-004
924		1,519190595606266E-004	1,519190595606266E-004
925		3,885387017390046E-004	1,519190595606266E-004
926		2,796677429004906E-004	2,796677429004906E-004
927		5,316177286852019E-004	2,796677429004906E-004
928		2,727447270950538E-004	2,727447270950538E-004
929		3,837096327214689E-004	2,727447270950538E-004
930		2,413990852512342E-003	2,413990852512342E-003
931		1,738944071658060E-003	2,413990852512342E-003
932		1,252141542616171E-003	1,252141542616171E-003
933		9,698216993567282E-004	1,252141542616171E-003
934		3,209672229798522E-003	3,209672229798522E-003
935		4,447194414588259E-004	3,209672229798522E-003
936		1,271587004771014E-003	1,271587004771014E-003
937		2,871375876335594E-003	1,271587004771014E-003
938		9,385655506278948E-004	9,385655506278948E-004
939		5,712688991563964E-004	9,385655506278948E-004
940		6,401810991230851E-004	6,401810991230851E-004
941		8,244379365957755E-004	6,401810991230851E-004
942		6,445998155613267E-004	6,445998155613267E-004
943		7,547938835488869E-004	6,445998155613267E-004
944		5,056070924734669E-004	5,056070924734669E-004
945		1,402820822756789E-003	5,056070924734669E-004
946		9,031334932064661E-004	9,031334932064661E-004
947		1,714026011548787E-003	9,031334932064661E-004
948		1,176872006946512E-003	1,176872006946512E-003
949		2,048079572209152E-003	1,176872006946512E-003
950		3,727567932455412E-003	3,727567932455412E-003
951		8,188423013013039E-003	3,727567932455412E-003
952		2,417766186021409E-003	2,417766186021409E-003
953		4,152252088977323E-003	2,417766186021409E-003
954		7,597595169821701E-004	7,597595169821701E-004
955		1,705013325273650E-003	7,597595169821701E-004
956		9,589131232532460E-004	9,589131232532460E-004
957		1,078768159784243E-003	9,589131232532460E-004
958		7,406987779176937E-004	7,406987779176937E-004
959		9,228327897117107E-004	7,406987779176937E-004
960		4,516290431682083E-004	4,516290431682083E-004
961		1,265268313079168E-003	4,516290431682083E-004
962		5,286292014835135E-004	5,286292014835135E-004
963		7,531198589468435E-004	5,286292014835135E-004
964		6,226235679801948E-004	6,226235679801948E-004
965		1,367361377469209E-003	6,226235679801948E-004
966		9,841450796974603E-004	9,841450796974603E-004
967		1,091828272716585E-003	9,841450796974603E-004
968		3,313748504518454E-003	3,313748504518454E-003
969		3,525878556528563E-003	3,313748504518454E-003
970		2,293959345972825E-003	2,293959345972825E-003
971		1,344404102818591E-003	2,293959345972825E-003
972		1,340657672257913E-003	1,340657672257913E-003
973		1,195522331770567E-003	1,340657672257913E-003
974		1,966848145827624E-003	1,966848145827624E-003
975		8,161887801716077E-004	1,966848145827624E-003
976		6,004622132201600E-004	6,004622132201600E-004
977		4,256315982051778E-004	6,004622132201600E-004
978		2,791656203015404E-004	2,791656203015404E-004
979		3,380190114097788E-004	2,791656203015404E-004
980		2,774146332811982E-004	2,774146332811982E-004
981		3,902899460467217E-004	2,774146332811982E-004
982		1,348612078271654E-003	1,348612078271654E-003
983		1,197676938986198E-003	1,348612078271654E-003
984		2,380416990384841E-003	2,380416990384841E-003
985		6,314841888880643E-004	2,380416990384841E-003
986		1,414441462859696E-003	1,414441462859696E-003
987		1,607303797437526E-003	1,414441462859696E-003
988		2,287260630156400E-003	2,287260630156400E-003
989		3,069626343783847E-003	2,287260630156400E-003
990		2,526908149214216E-003	2,526908149214216E-003
991		7,047613114687176E-004	2,526908149214216E-003
992		1,929373669477972E-003	1,929373669477972E-003
993		1,385785835723073E-003	1,929373669477972E-003
994		1,108870676291523E-003	1,108870676291523E-003
995		8,088198434797917E-004	1,108870676291523E-003
996		1,026873218663641E-003	1,026873218663641E-003
997		5,559355835100613E-004	1,026873218663641E-003
998		1,113969052577364E-003	1,113969052577364E-003
999		1,025014790326867E-003	1,113969052577364E-003
1000		1,091912729076661E-003	1,091912729076661E-003
1001		1,353006695042368E-003	1,091912729076661E-003
1002		5,108027558016606E-004	5,108027558016606E-004
1003		5,871607669762093E-004	5,108027558016606E-004
1004		2,343479040400664E-003	2,343479040400664E-003
1005		3,296704044744055E-004	2,343479040400664E-003
1006		2,827741895828998E-004	2,827741895828998E-004
1007		6,180906103490708E-004	2,827741895828998E-004
1008		8,573822186612269E-004	8,573822186612269E-004
1009		2,566743713874672E-003	8,573822186612269E-004
1010		9,740263857303110E-004	9,740263857303110E-004
1011		2,481744701784226E-004	9,740263857303110E-004
1012		7,649973141611062E-004	7,649973141611062E-004
1013		4,040630078922738E-004	7,649973141611062E-004
1014		4,130764805915615E-004	4,130764805915615E-004
1015		8,683120512632421E-004	4,130764805915615E-004
1016		1,245018770976119E-003	1,245018770976119E-003
1017		2,819031769458012E-004	1,245018770976119E-003
1018		1,856138872924654E-004	1,856138872924654E-004
1019		1,228210026361618E-004	1,856138872924654E-004
1020		5,775517107102796E-004	5,775517107102796E-004
1021		2,009791557360041E-004	5,775517107102796E-004
1022		6,048069303716044E-004	6,048069303716044E-004
1023		4,482357919202320E-004	6,048069303716044E-004
1024		5,524537179982539E-004	5,524537179982539E-004
1025		4,066071525475445E-004	5,524537179982539E-004
1026		1,163533092379553E-003	1,163533092379553E-003
1027		3,877580452447014E-004	1,163533092379553E-003
1028		2,268967067025343E-004	2,268967067025343E-004
1029		3,522445473862860E-004	2,268967067025343E-004
1030		1,375072979777214E-003	1,375072979777214E-003
1031		3,260099464616606E-004	1,375072979777214E-003
1032		9,056014633612791E-004	9,056014633612791E-004
1033		1,015239555660202E-003	9,056014633612791E-004
1034		6,453280511700094E-004	6,453280511700094E-004
1035		1,130952345286460E-003	6,453280511700094E-004
1036		1,812021191007771E-003	1,812021191007771E-003
1037		7,752809493661107E-004	1,812021191007771E-003
1038		3,137353770678358E-004	3,137353770678358E-004
1039		2,775192104985564E-004	3,137353770678358E-004
1040		4,942581421690498E-004	4,942581421690498E-004
1041		3,671576608625990E-004	4,942581421690498E-004
1042		4,062807940885159E-004	4,062807940885159E-004
1043		4,119682062352044E-004	4,062807940885159E-004
1044		1,048353415745606E-003	1,048353415745606E-003
1045		3,601013680392087E-004	1,048353415745606E-003
1046		2,471578762002947E-004	2,471578762002947E-004
1047		3,302795412507587E-004	2,471578762002947E-004
1048		2,751447879400894E-004	2,751447879400894E-004
1049		4,325486343346286E-004	2,751447879400894E-004
1050		1,228767203511143E-003	1,228767203511143E-003
1051		3,654404913403796E-004	1,228767203511143E-003
1052		6,624326334129595E-004	6,624326334129595E-004
1053		4,921378930938248E-004	6,624326334129595E-004
1054		4,085861468069546E-004	4,085861468069546E-004
1055		2,560297387747639E-004	4,085861468069546E-004
1056		2,228875889503143E-004	2,228875889503143E-004
1057		2,031886769196169E-004	2,228875889503143E-004
1058		5,034385701196103E-004	5,034385701196103E-004
1059		2,743582811136016E-004	5,034385701196103E-004
1060		3,783939409706955E-004	3,783939409706955E-004
1061		2,816005596234517E-004	3,783939409706955E-004
1062		3,736616096888699E-004	3,736616096888699E-004
1063		5,686941902987822E-004	3,736616096888699E-004
1064		6,285634494522651E-004	6,285634494522651E-004
1065		5,252912072906715E-004	6,285634494522651E-004
1066		2,668707310553052E-004	2,668707310553052E-004
1067		9,873650407841359E-004	2,668707310553052E-004
1068		1,327515905466806E-003	1,327515905466806E-003
1069		2,028402066501306E-003	1,327515905466806E-003
1070		1,926314915167589E-003	1,926314915167589E-003
1071		1,267629908649081E-003	1,926314915167589E-003
1072		2,523419097612045E-003	2,523419097612045E-003
1073		1,697207607320858E-003	2,523419097612045E-003
1074		6,822145861867895E-004	6,822145861867895E-004
1075		4,481931403829032E-004	6,822145861867895E-004
1076		7,623258216618677E-004	7,623258216618677E-004
1077		7,060979770123522E-004	7,623258216618677E-004
1078		7,019195490854415E-004	7,019195490854415E-004
1079		5,997771156835439E-004	7,019195490854415E-004
1080		3,817723257503692E-004	3,817723257503692E-004
1081		6,363543533708981E-004	3,817723257503692E-004
1082		2,350266890865167E-004	2,350266890865167E-004
1083		2,338970445781244E-004	2,350266890865167E-004
1084		2,505006924091202E-004	2,505006924091202E-004
1085		3,143689270305910E-004	2,505006924091202E-004
1086		2,297122951232831E-004	2,297122951232831E-004
1087		2,492188656546012E-004	2,297122951232831E-004
1088		3,178402685184197E-004	3,178402685184197E-004
1089		5,369354937062497E-004	3,178402685184197E-004
1090		1,206460961402097E-003	1,206460961402097E-003
1091		3,113147122613056E-004	1,206460961402097E-003
1092		1,418180655486385E-004	1,418180655486385E-004
1093		1,683350628609187E-004	1,418180655486385E-004
1094		8,802263137187639E-004	8,802263137187639E-004
1095		6,835808208663659E-004	8,802263137187639E-004
1096		5,890709311378926E-004	5,890709311378926E-004
1097		2,207584318757897E-004	5,890709311378926E-004
1098		8,733264918050567E-005	8,733264918050567E-005
1099		7,567077111973324E-005	8,733264918050567E-005
1100		1,301439474680303E-004	1,301439474680303E-004
1101		1,161162983529024E-004	1,301439474680303E-004
1102		5,358582227783477E-004	5,358582227783477E-004
1103		3,236557336102781E-004	5,358582227783477E-004
1104		1,498228237588124E-004	1,498228237588124E-004
1105		1,558264347688696E-004	1,498228237588124E-004
1106		1,332839220888812E-004	1,332839220888812E-004
1107		1,649954006046767E-004	1,332839220888812E-004
1108		3,352852479277470E-004	3,352852479277470E-004
1109		1,875075544144721E-003	3,352852479277470E-004
1110		3,623726301069144E-004	3,623726301069144E-004
1111		3,268296788221728E-004	3,623726301069144E-004
1112		5,097262465493517E-004	5,097262465493517E-004
1113		2,118519624354963E-004	5,097262465493517E-004
1114		4,727740818273029E-004	4,727740818273029E-004
1115		1,775428364970950E-004	4,727740818273029E-004
1116		1,524892793822911E-004	1,524892793822911E-004
1117		2,061293760495929E-004	1,524892793822911E-004
1118		3,006289891647134E-004	3,006289891647134E-004
1119		3,353011898286476E-004	3,006289891647134E-004
1120		2,987148818059583E-004	2,987148818059583E-004
1121		2,561224465683545E-004	2,987148818059583E-004
1122		6,110296860538351E-004	6,110296860538351E-004
1123		4,675801278326509E-004	6,110296860538351E-004
1124		6,424987870292976E-004	6,424987870292976E-004
1125		1,279228257059905E-003	6,424987870292976E-004
1126		4,605080837130667E-004	4,605080837130667E-004
1127		2,121457701977683E-004	4,605080837130667E-004
1128		1,202979984322604E-003	1,202979984322604E-003
1129		4,686341807311296E-004	1,202979984322604E-003
1130		3,005114566178552E-004	3,005114566178552E-004
1131		4,630221119159596E-004	3,005114566178552E-004
1132		3,774472195573438E-004	3,774472195573438E-004
1133		2,472945431394929E-004	3,774472195573438E-004
1134		2,654822367244665E-004	2,654822367244665E-004
1135		1,910746236094545E-003	2,654822367244665E-004
1136		2,961476533039951E-004	2,961476533039951E-004
1137		4,535068273978572E-004	2,961476533039951E-004
1138		2,843647643698933E-004	2,843647643698933E-004
1139		9,262399046210711E-004	2,843647643698933E-004
1140		4,669811926533482E-004	4,669811926533482E-004
1141		2,720657504512855E-004	4,669811926533482E-004
1142		4,437682902349362E-004	4,437682902349362E-004
1143		4,020298653270860E-004	4,437682902349362E-004
1144		6,029131720550749E-004	6,029131720550749E-004
1145		3,041050907704461E-004	6,029131720550749E-004
1146		2,939502901081939E-004	2,939502901081939E-004
1147		3,010249415666421E-004	2,939502901081939E-004
1148		2,117942378846340E-004	2,117942378846340E-004
1149		2,070653610167688E-004	2,117942378846340E-004
1150		7,893517520527899E-004	7,893517520527899E-004
1151		1,305822381154109E-004	7,893517520527899E-004
1152		3,084848563255355E-004	3,084848563255355E-004
1153		1,597524075285599E-004	3,084848563255355E-004
1154		2,041292657670805E-004	2,041292657670805E-004
1155		1,084912978786210E-003	2,041292657670805E-004
1156		1,238501215844386E-003	1,238501215844386E-003
1157		3,757652280387217E-004	1,238501215844386E-003
1158		2,493835584144106E-004	2,493835584144106E-004
1159		1,545885820329524E-004	2,493835584144106E-004
1160		8,417251077538895E-005	8,417251077538895E-005
1161		9,020667290364404E-005	8,417251077538895E-005
1162		1,181406288762140E-004	1,181406288762140E-004
1163		2,188326640887241E-004	1,181406288762140E-004
1164		2,582074975096096E-004	2,582074975096096E-004
1165		3,844123969622148E-004	2,582074975096096E-004
1166		3,134488136400902E-004	3,134488136400902E-004
1167		2,650889866411990E-004	3,134488136400902E-004
1168		3,569790378356985E-004	3,569790378356985E-004
1169		1,738425899425340E-004	3,569790378356985E-004
1170		2,455164827124451E-004	2,455164827124451E-004
1171		2,916476294284708E-004	2,455164827124451E-004
1172		1,890372023225913E-004	1,890372023225913E-004
1173		3,267313176046257E-004	1,890372023225913E-004
1174		2,866578525902494E-004	2,866578525902494E-004
1175		1,038385931105155E-004	2,866578525902494E-004
1176		1,926922239775662E-004	1,926922239775662E-004
1177		2,302024924135269E-004	1,926922239775662E-004
1178		4,328553039678021E-004	4,328553039678021E-004
1179		2,819780404051017E-004	4,328553039678021E-004
1180		3,317362149450987E-004	3,317362149450987E-004
1181		1,780129670866808E-004	3,317362149450987E-004
1182		1,621268327779836E-004	1,621268327779836E-004
1183		5,208452366718319E-004	1,621268327779836E-004
1184		2,278681264009315E-004	2,278681264009315E-004
1185		7,445196001374440E-005	2,278681264009315E-004
1186		6,890014461153203E-005	6,890014461153203E-005
1187		5,404982179754735E-005	6,890014461153203E-005
1188		1,078755099268698E-004	1,078755099268698E-004
1189		1,115761863715165E-004	1,078755099268698E-004
1190		1,893699587125067E-004	1,893699587125067E-004
1191		1,565522585230171E-004	1,893699587125067E-004
1192		1,524748394867463E-004	1,524748394867463E-004
1193		1,092495781695092E-004	1,524748394867463E-004
1194		1,130380370698467E-004	1,130380370698467E-004
1195		2,513023347371051E-004	1,130380370698467E-004
1196		3,107481773542979E-004	3,107481773542979E-004
1197		3,074822027931484E-004	3,107481773542979E-004
1198		1,967756209854900E-004	1,967756209854900E-004
1199		1,757579835824152E-004	1,967756209854900E-004
1200		1,027050635485123E-004	1,027050635485123E-004
1201		1,344721104376281E-004	1,027050635485123E-004
1202		2,586519537726910E-004	2,586519537726910E-004
1203		3,174569988574029E-004	2,586519537726910E-004
1204		5,276702566255519E-004	5,276702566255519E-004
1205		6,547646271703886E-004	5,276702566255519E-004
1206		2,417610652229040E-004	2,417610652229040E-004
1207		1,627636770611582E-003	2,417610652229040E-004
1208		1,120147816623551E-003	1,120147816623551E-003
1209		9,309756387676162E-004	1,120147816623551E-003
1210		1,361638652240374E-003	1,361638652240374E-003
1211		2,761426654141006E-004	1,361638652240374E-003
1212		5,097325988531557E-004	5,097325988531557E-004
1213		1,416242489895490E-004	5,097325988531557E-004
1214		9,741620035120340E-005	9,741620035120340E-005
1215		1,749929949968817E-004	9,741620035120340E-005
1216		1,188701702139453E-004	1,188701702139453E-004
1217		7,621533531085581E-005	1,188701702139453E-004
1218		4,927400825844368E-005	4,927400825844368E-005
1219		4,983757859091399E-005	4,927400825844368E-005
1220		7,108353148040912E-005	7,108353148040912E-005
1221		1,719932256349145E-004	7,108353148040912E-005
1222		1,620924328570351E-004	1,620924328570351E-004
1223		2,310309312465131E-004	1,620924328570351E-004
1224		1,325030421793465E-003	1,325030421793465E-003
1225		2,821427252047305E-004	1,325030421793465E-003
1226		3,850307910918238E-004	3,850307910918238E-004
1227		3,744420242156114E-004	3,850307910918238E-004
1228		6,341377757030461E-004	6,341377757030461E-004
1229		3,326281444150789E-004	6,341377757030461E-004
1230		3,574968542970481E-004	3,574968542970481E-004
1231		2,367909452072334E-004	3,574968542970481E-004
1232		1,131416256395902E-004	1,131416256395902E-004
1233		7,831257850771938E-005	1,131416256395902E-004
1234		7,029543033521126E-005	7,029543033521126E-005
1235		1,462512844339154E-004	7,029543033521126E-005
1236		2,470648199368079E-004	2,470648199368079E-004
1237		7,751146712970559E-005	2,470648199368079E-004
1238		1,138734083218292E-004	1,138734083218292E-004
1239		1,120718449422218E-004	1,138734083218292E-004
1240		2,735258020642028E-004	2,735258020642028E-004
1241		9,457766888539417E-005	2,735258020642028E-004
1242		1,982616072816969E-004	1,982616072816969E-004
1243		1,555902821936773E-004	1,982616072816969E-004
1244		9,139117417418781E-005	9,139117417418781E-005
1245		2,275565377334848E-004	9,139117417418781E-005
1246		6,027549332258209E-004	6,027549332258209E-004
1247		2,149337167416597E-004	6,027549332258209E-004
1248		4,790326545481502E-004	4,790326545481502E-004
1249		1,904111133864583E-004	4,790326545481502E-004
1250		1,837666448079015E-004	1,837666448079015E-004
1251		5,609364611749489E-005	1,837666448079015E-004
1252		4,333631557162651E-005	4,333631557162651E-005
1253		5,872038873131627E-005	4,333631557162651E-005
1254		1,057457629059446E-004	1,057457629059446E-004
1255		5,236690536047754E-005	1,057457629059446E-004
1256		6,044380023790135E-005	6,044380023790135E-005
1257		2,947171271341893E-005	6,044380023790135E-005
1258		2,502023534965272E-005	2,502023534965272E-005
1259		2,759057405744957E-005	2,502023534965272E-005
1260		3,115828260677096E-005	3,115828260677096E-005
1261		3,776288351619657E-005	3,115828260677096E-005
1262		1,289589623733040E-004	1,289589623733040E-004
1263		7,669774351338778E-005	1,289589623733040E-004
1264		3,630574089986580E-005	3,630574089986580E-005
1265		2,921404182961598E-005	3,630574089986580E-005
1266		2,057073023120200E-005	2,057073023120200E-005
1267		1,650575438397436E-005	2,057073023120200E-005
1268		3,596286920608315E-005	3,596286920608315E-005
1269		1,971659233430693E-005	3,596286920608315E-005
1270		2,664387309232751E-005	2,664387309232751E-005
1271		1,892666195677825E-005	2,664387309232751E-005
1272		1,809315920767120E-005	1,809315920767120E-005
1273		1,495462699803416E-005	1,809315920767120E-005
1274		1,408563070798305E-005	1,408563070798305E-005
1275		1,497561282020066E-005	1,408563070798305E-005
1276		2,525203721450752E-005	2,525203721450752E-005
1277		4,313014979288156E-005	2,525203721450752E-005
1278		1,800464565670488E-005	1,800464565670488E-005
1279		1,602766107104021E-005	1,800464565670488E-005
1280		3,206150861321070E-005	3,206150861321070E-005
1281		2,221295939228711E-005	3,206150861321070E-005
1282		7,494627417458440E-005	7,494627417458440E-005
1283		2,113027666464047E-005	7,494627417458440E-005
1284		2,271375899595051E-005	2,271375899595051E-005
1285		6,342308307051094E-005	2,271375899595051E-005
1286		2,453360826763954E-005	2,453360826763954E-005
1287		1,881697719186806E-004	2,453360826763954E-005
1288		9,315808922403467E-005	9,315808922403467E-005
1289		3,769989142354633E-005	9,315808922403467E-005
1290		6,747593407997195E-005	6,747593407997195E-005
1291		5,371266296336947E-005	6,747593407997195E-005
1292		1,571826026899803E-004	1,571826026899803E-004
1293		2,879744624285661E-004	1,571826026899803E-004
1294		1,052890565122493E-004	1,052890565122493E-004
1295		6,377350730225922E-005	1,052890565122493E-004
1296		8,060860019390885E-005	8,060860019390885E-005
1297		7,424145387822711E-005	8,060860019390885E-005
1298		7,288793154611261E-005	7,288793154611261E-005
1299		6,718555342406190E-005	7,288793154611261E-005
1300		1,256663495191978E-004	1,256663495191978E-004
1301		1,062455723699608E-004	1,256663495191978E-004
1302		1,575199435111433E-004	1,575199435111433E-004
1303		4,802508461672099E-004	1,575199435111433E-004
1304		1,782591084683604E-004	1,782591084683604E-004
1305		9,460707681119437E-005	1,782591084683604E-004
1306		3,057290037893034E-004	3,057290037893034E-004
1307		1,266771301853774E-004	3,057290037893034E-004
1308		8,818428413778280E-005	8,818428413778280E-005
1309		3,572476603202888E-005	8,818428413778280E-005
1310		8,535949908373890E-005	8,535949908373890E-005
1311		3,351476580683192E-005	8,535949908373890E-005
1312		2,050945452137303E-005	2,050945452137303E-005
1313		6,803951634534760E-005	2,050945452137303E-005
1314		1,441737577274589E-005	1,441737577274589E-005
1315		1,827588658338147E-005	1,441737577274589E-005
1316		1,551447028945432E-005	1,551447028945432E-005
1317		1,649446259333427E-005	1,551447028945432E-005
1318		1,128307607788963E-005	1,128307607788963E-005
1319		1,735882811814215E-005	1,128307607788963E-005
1320		9,793353337633977E-006	9,793353337633977E-006
End iteration: 1321 		 ||f - Ax^j|| / ||r^0||: 9,79335333766621E-06
