Method: COCG
SLAE Number: 2
Threads: 12
Smoothing: NoSmoothing
Total time: 93451 ms
Total iterations: 1341

End iteration: 1341 		 ||f - Ax^j|| / ||r^0||: 9,971249578308807E-06

Iteration	Residual		SmoothedResidual
---------	---------		---------------
1		7,755598375485275E-001	9,999999999999974E-001
2		2,874283918882125E-001	2,874283918882124E-001
3		4,438053320357017E-001	2,874283918882124E-001
4		2,856923262226344E-001	2,856923262226345E-001
5		4,843119217275448E-001	2,856923262226346E-001
6		5,695214167922414E-001	5,695214167922408E-001
7		2,171222695097663E-001	5,695214167922406E-001
8		6,577788736940142E-001	6,577788736940147E-001
9		2,812346751805372E-001	6,577788736940148E-001
10		2,237411983304907E-001	2,237411983304905E-001
11		2,987893807009173E-001	2,237411983304909E-001
12		1,588375520982074E-001	1,588375520982071E-001
13		1,956188261920126E-001	1,588375520982070E-001
14		3,065676364412630E+000	3,065676364412631E+000
15		2,216906379155703E-001	3,065676364412635E+000
16		1,386035076975929E-001	1,386035076975929E-001
17		2,859392464453189E-001	1,386035076975929E-001
18		2,157085738289501E-001	2,157085738289498E-001
19		9,877542008092056E-002	2,157085738289500E-001
20		3,350944906423780E-001	3,350944906423771E-001
21		6,526547658601144E-002	3,350944906423774E-001
22		2,234173654937608E-001	2,234173654937604E-001
23		3,567662607623477E-001	2,234173654937606E-001
24		2,713181560801855E-001	2,713181560801849E-001
25		6,541897057936953E-001	2,713181560801849E-001
26		2,785236622455393E-001	2,785236622455389E-001
27		3,387578160757014E-001	2,785236622455389E-001
28		2,550746704132167E-001	2,550746704132166E-001
29		2,192707946586523E-001	2,550746704132169E-001
30		3,005033136358928E-001	3,005033136358924E-001
31		1,691219417634323E-001	3,005033136358927E-001
32		4,872735218145188E-001	4,872735218145187E-001
33		3,052417844506785E-001	4,872735218145188E-001
34		3,725355528048341E-001	3,725355528048349E-001
35		4,638576200452370E-001	3,725355528048343E-001
36		1,218079809669438E-001	1,218079809669439E-001
37		5,176044961631112E-001	1,218079809669438E-001
38		2,157509045042601E-001	2,157509045042600E-001
39		3,124707647021330E-001	2,157509045042600E-001
40		3,333442020952563E-001	3,333442020952570E-001
41		5,864016451173950E-001	3,333442020952563E-001
42		4,188082094103520E-001	4,188082094103516E-001
43		6,800788756990493E-001	4,188082094103509E-001
44		3,010485086208315E+000	3,010485086208313E+000
45		5,303075722062547E+000	3,010485086208310E+000
46		2,479775827349489E-001	2,479775827349486E-001
47		1,248692114959694E-001	2,479775827349488E-001
48		1,195790053196798E-001	1,195790053196797E-001
49		1,296429185260663E-001	1,195790053196797E-001
50		1,539006584698469E-001	1,539006584698467E-001
51		1,745508822962721E-001	1,539006584698469E-001
52		2,357624822877231E-001	2,357624822877231E-001
53		1,130082245200328E-001	2,357624822877233E-001
54		1,097613263845387E-001	1,097613263845389E-001
55		1,274155681577666E-001	1,097613263845388E-001
56		1,365273920742680E-001	1,365273920742678E-001
57		9,899759734063919E-002	1,365273920742679E-001
58		1,758015651685646E-001	1,758015651685647E-001
59		2,147253442826406E-001	1,758015651685645E-001
60		1,031405624442995E-001	1,031405624442996E-001
61		3,919310268156443E-001	1,031405624442994E-001
62		1,799047839457751E-001	1,799047839457752E-001
63		8,907383573736904E-002	1,799047839457754E-001
64		1,973956332972324E-001	1,973956332972324E-001
65		1,567406977249784E-001	1,973956332972327E-001
66		6,763005674105606E-002	6,763005674105600E-002
67		6,533263733129838E-002	6,763005674105600E-002
68		1,831964096814162E-001	1,831964096814161E-001
69		4,294516344100396E-001	1,831964096814162E-001
70		9,285861078545427E-002	9,285861078545422E-002
71		7,821291687537735E-002	9,285861078545428E-002
72		8,491708874434700E-002	8,491708874434716E-002
73		4,481271859542053E-002	8,491708874434702E-002
74		1,641432249575367E-001	1,641432249575366E-001
75		2,785914953061029E-001	1,641432249575366E-001
76		3,738035480513178E-001	3,738035480513175E-001
77		7,479027510985505E-001	3,738035480513174E-001
78		2,211789196988461E-001	2,211789196988462E-001
79		4,320424852606510E-001	2,211789196988457E-001
80		3,393349635203234E-001	3,393349635203235E-001
81		2,616535480708106E-001	3,393349635203230E-001
82		1,545460873009694E-001	1,545460873009693E-001
83		1,524998853741326E-001	1,545460873009694E-001
84		2,541113357847922E-001	2,541113357847923E-001
85		6,233371249883677E-002	2,541113357847922E-001
86		2,441711049875591E-001	2,441711049875591E-001
87		1,522077803817262E-001	2,441711049875592E-001
88		3,049422709509199E-001	3,049422709509196E-001
89		1,635106359111242E-001	3,049422709509197E-001
90		1,369125322572852E-001	1,369125322572852E-001
91		3,506704684045461E-002	1,369125322572854E-001
92		3,934199850996889E-001	3,934199850996885E-001
93		2,141944818628994E-001	3,934199850996881E-001
94		1,787164813605554E-001	1,787164813605554E-001
95		5,251068293020789E-002	1,787164813605552E-001
96		1,258999495631312E-001	1,258999495631314E-001
97		1,150621536752631E-001	1,258999495631312E-001
98		2,004293536346326E-001	2,004293536346324E-001
99		1,779935734024695E-001	2,004293536346324E-001
100		5,912049518974408E-002	5,912049518974403E-002
101		7,299702209670501E-002	5,912049518974401E-002
102		6,047678694758429E-001	6,047678694758434E-001
103		1,280935022170872E-001	6,047678694758432E-001
104		1,387197225575768E-001	1,387197225575766E-001
105		1,015563930697169E-001	1,387197225575767E-001
106		1,656738459968881E-001	1,656738459968879E-001
107		1,159443975196097E-001	1,656738459968880E-001
108		8,981757118196915E-002	8,981757118196916E-002
109		2,286443076017686E-001	8,981757118196908E-002
110		1,391386715341956E-001	1,391386715341956E-001
111		1,806961765131995E-001	1,391386715341956E-001
112		3,153870129323815E-001	3,153870129323814E-001
113		3,371896630772723E-001	3,153870129323814E-001
114		5,422500220016136E-002	5,422500220016138E-002
115		3,196968901958830E-001	5,422500220016138E-002
116		4,423956036990620E-001	4,423956036990630E-001
117		3,750794921093389E-002	4,423956036990623E-001
118		4,611905736820626E-002	4,611905736820627E-002
119		4,674756769152106E-002	4,611905736820626E-002
120		2,542974657679537E-002	2,542974657679538E-002
121		1,543756857565019E-002	2,542974657679538E-002
122		3,973107468837141E-002	3,973107468837137E-002
123		4,450256740060629E-002	3,973107468837137E-002
124		3,297471024031914E-002	3,297471024031909E-002
125		5,879957382940063E-002	3,297471024031912E-002
126		9,184423100916321E-002	9,184423100916318E-002
127		7,407477185375540E-002	9,184423100916325E-002
128		2,968534363678590E-002	2,968534363678590E-002
129		1,127774631764672E-001	2,968534363678591E-002
130		1,649468653675806E-001	1,649468653675808E-001
131		1,119161604610572E-001	1,649468653675807E-001
132		6,594011549485307E-002	6,594011549485307E-002
133		3,295241898909926E-002	6,594011549485317E-002
134		8,065673308867669E-002	8,065673308867664E-002
135		4,340886701268946E-002	8,065673308867670E-002
136		2,758058576092205E-002	2,758058576092203E-002
137		5,894769455052735E-002	2,758058576092204E-002
138		2,716708327262345E-002	2,716708327262342E-002
139		2,077280156077313E-002	2,716708327262344E-002
140		3,683073182239172E-002	3,683073182239169E-002
141		1,461638093881210E-002	3,683073182239170E-002
142		1,137257451401197E-002	1,137257451401197E-002
143		4,385822644444456E-003	1,137257451401196E-002
144		4,848270246804681E-003	4,848270246804678E-003
145		4,527065738461206E-003	4,848270246804677E-003
146		6,220665689982739E-003	6,220665689982742E-003
147		7,487958252929541E-003	6,220665689982735E-003
148		1,070054529711563E-002	1,070054529711566E-002
149		2,752957439779881E-002	1,070054529711565E-002
150		1,550655471607622E-002	1,550655471607623E-002
151		9,603340610700403E-002	1,550655471607623E-002
152		1,295303239750582E-001	1,295303239750581E-001
153		4,921862214980697E-002	1,295303239750581E-001
154		3,464666825355715E-002	3,464666825355713E-002
155		9,438843831677284E-002	3,464666825355715E-002
156		2,950658685758975E-002	2,950658685758976E-002
157		1,902876337380718E-002	2,950658685758972E-002
158		2,174080585847865E-002	2,174080585847864E-002
159		1,637233304169424E-002	2,174080585847867E-002
160		1,280671097620658E-002	1,280671097620657E-002
161		8,075348692475007E-003	1,280671097620657E-002
162		4,089064155875622E-003	4,089064155875614E-003
163		1,736701489365958E-002	4,089064155875613E-003
164		9,992369212628320E-003	9,992369212628319E-003
165		1,116956034486556E-002	9,992369212628315E-003
166		3,601498665074378E-003	3,601498665074379E-003
167		5,380106677472090E-003	3,601498665074381E-003
168		5,589407448569216E-003	5,589407448569211E-003
169		8,732371106511190E-003	5,589407448569209E-003
170		1,884217991559504E-002	1,884217991559502E-002
171		7,390774646423825E-003	1,884217991559502E-002
172		1,166708803709689E-002	1,166708803709690E-002
173		9,046272401242965E-003	1,166708803709689E-002
174		4,729794000208881E-003	4,729794000208880E-003
175		6,361471523663529E-003	4,729794000208878E-003
176		5,567270016381506E-003	5,567270016381509E-003
177		2,920222896497275E-003	5,567270016381506E-003
178		4,020233101743933E-003	4,020233101743933E-003
179		7,538657368748759E-003	4,020233101743933E-003
180		7,630601562054354E-003	7,630601562054349E-003
181		1,272026010529262E-002	7,630601562054355E-003
182		1,158623580034495E-002	1,158623580034495E-002
183		1,029286205025130E-002	1,158623580034496E-002
184		2,469976484738392E-002	2,469976484738392E-002
185		1,453593222873715E-002	2,469976484738391E-002
186		1,200434927432917E-002	1,200434927432917E-002
187		3,084880238040023E-002	1,200434927432919E-002
188		1,228328184369654E-002	1,228328184369657E-002
189		1,671928121783005E-002	1,228328184369653E-002
190		7,537136143270024E-003	7,537136143270017E-003
191		6,942060727329267E-003	7,537136143270022E-003
192		3,039191556383224E-003	3,039191556383230E-003
193		5,800091696688659E-003	3,039191556383226E-003
194		5,285368773860830E-002	5,285368773860830E-002
195		1,318478163574359E-002	5,285368773860826E-002
196		5,154633772461811E-003	5,154633772461808E-003
197		1,094170273551171E-002	5,154633772461805E-003
198		2,370216096166084E-002	2,370216096166087E-002
199		2,481342631614577E-002	2,370216096166082E-002
200		7,898949293934409E-003	7,898949293934409E-003
201		5,033811518825787E-003	7,898949293934407E-003
202		1,016065868068175E-002	1,016065868068175E-002
203		1,126377184818924E-002	1,016065868068176E-002
204		2,100810784150748E-002	2,100810784150749E-002
205		2,585031278587621E-002	2,100810784150748E-002
206		2,096955244345560E-002	2,096955244345557E-002
207		1,136917613979980E-002	2,096955244345559E-002
208		7,623715133300415E-003	7,623715133300417E-003
209		8,922900510195437E-003	7,623715133300420E-003
210		7,358579185353809E-003	7,358579185353807E-003
211		8,161977782316726E-003	7,358579185353816E-003
212		4,370501147868101E-003	4,370501147868107E-003
213		4,906941580728057E-003	4,370501147868106E-003
214		2,566889178448089E-003	2,566889178448088E-003
215		4,334474855628334E-003	2,566889178448091E-003
216		2,773203582296497E-003	2,773203582296497E-003
217		3,454931056026939E-003	2,773203582296498E-003
218		5,112388898318670E-003	5,112388898318674E-003
219		1,010998195043598E-002	5,112388898318677E-003
220		9,481756291460698E-003	9,481756291460693E-003
221		5,546039539424763E-003	9,481756291460688E-003
222		1,562579471067028E-002	1,562579471067030E-002
223		6,207117858964953E-003	1,562579471067031E-002
224		4,849844284610941E-003	4,849844284610937E-003
225		3,910229448905517E-003	4,849844284610935E-003
226		4,524848039876418E-003	4,524848039876424E-003
227		5,191677095238885E-003	4,524848039876419E-003
228		4,417605545699115E-003	4,417605545699119E-003
229		2,966596687205353E-003	4,417605545699117E-003
230		7,412027322510738E-003	7,412027322510734E-003
231		2,768369798764645E-003	7,412027322510741E-003
232		7,479487462013483E-003	7,479487462013491E-003
233		5,298996173881462E-003	7,479487462013487E-003
234		1,056441350264002E-002	1,056441350264001E-002
235		4,502226323431480E-003	1,056441350264001E-002
236		5,257186068460656E-003	5,257186068460640E-003
237		2,489222413895457E-003	5,257186068460654E-003
238		4,529960115099941E-003	4,529960115099938E-003
239		2,948183208731695E-003	4,529960115099937E-003
240		2,928807284199820E-003	2,928807284199819E-003
241		4,800489090579970E-003	2,928807284199821E-003
242		3,404348548038452E-003	3,404348548038453E-003
243		4,139127290643461E-003	3,404348548038454E-003
244		4,359303504692818E-003	4,359303504692822E-003
245		6,312612398390320E-003	4,359303504692827E-003
246		1,466848468547046E-002	1,466848468547048E-002
247		8,117945093894201E-003	1,466848468547048E-002
248		1,762274755432305E-002	1,762274755432304E-002
249		2,317104511765090E-002	1,762274755432305E-002
250		3,943361240669233E-002	3,943361240669232E-002
251		1,868311490071024E-002	3,943361240669235E-002
252		2,328181365321960E-002	2,328181365321961E-002
253		2,254408447425643E-002	2,328181365321961E-002
254		9,824187577797940E-003	9,824187577797950E-003
255		1,476112047920117E-002	9,824187577797950E-003
256		1,550410799073913E-002	1,550410799073918E-002
257		9,758366629805818E-003	1,550410799073913E-002
258		5,265720633260524E-003	5,265720633260518E-003
259		1,433855386197251E-002	5,265720633260523E-003
260		3,165309336890118E-002	3,165309336890122E-002
261		2,538764132215210E-002	3,165309336890123E-002
262		3,741424508815370E-002	3,741424508815370E-002
263		1,320314647740470E-002	3,741424508815375E-002
264		9,654922603983667E-003	9,654922603983660E-003
265		2,288678025872753E-002	9,654922603983674E-003
266		2,692051007832898E-002	2,692051007832899E-002
267		1,162771115683595E-002	2,692051007832898E-002
268		2,238876777945084E-002	2,238876777945084E-002
269		1,975149893584382E-002	2,238876777945083E-002
270		3,667893119212064E-002	3,667893119212062E-002
271		4,467378632040418E-002	3,667893119212064E-002
272		3,085113865161558E-002	3,085113865161558E-002
273		7,951058185269666E-002	3,085113865161557E-002
274		3,440775180055360E-002	3,440775180055361E-002
275		3,189548610281664E-002	3,440775180055362E-002
276		2,753310175534182E-002	2,753310175534184E-002
277		2,075417250868183E-002	2,753310175534186E-002
278		1,206863827385822E-001	1,206863827385821E-001
279		1,126527523828843E-002	1,206863827385821E-001
280		1,003281626916518E-002	1,003281626916518E-002
281		1,194925564443302E-002	1,003281626916517E-002
282		4,025063377899789E-002	4,025063377899779E-002
283		3,909714025582550E-002	4,025063377899780E-002
284		1,768778718388245E-002	1,768778718388244E-002
285		1,647053783098069E-002	1,768778718388243E-002
286		1,042822633682481E-002	1,042822633682480E-002
287		1,806632453291081E-002	1,042822633682482E-002
288		1,429761673325660E-002	1,429761673325660E-002
289		1,272850773759988E-002	1,429761673325661E-002
290		2,449714583007518E-002	2,449714583007515E-002
291		8,568432538019101E-003	2,449714583007513E-002
292		8,051086037930765E-003	8,051086037930750E-003
293		6,614048863575692E-003	8,051086037930751E-003
294		1,380101572514539E-002	1,380101572514537E-002
295		9,101416767497948E-003	1,380101572514540E-002
296		6,064650870226606E-003	6,064650870226611E-003
297		1,394672551284110E-002	6,064650870226608E-003
298		7,915996257622591E-003	7,915996257622598E-003
299		1,474461965138366E-002	7,915996257622598E-003
300		1,539839627612905E-002	1,539839627612905E-002
301		9,652902471807149E-003	1,539839627612905E-002
302		9,469588774376559E-003	9,469588774376576E-003
303		8,077853873524148E-003	9,469588774376574E-003
304		2,674268773356649E-002	2,674268773356652E-002
305		4,334472835469910E-003	2,674268773356653E-002
306		5,314075158805009E-003	5,314075158805016E-003
307		2,103463920438218E-002	5,314075158805004E-003
308		1,145104526914065E-002	1,145104526914064E-002
309		5,782766245245768E-003	1,145104526914064E-002
310		2,351035011230916E-002	2,351035011230920E-002
311		4,702320868054972E-002	2,351035011230916E-002
312		3,658451885700238E-002	3,658451885700236E-002
313		8,816193938477844E-003	3,658451885700239E-002
314		4,691567065422334E-002	4,691567065422336E-002
315		6,068298406406230E-003	4,691567065422325E-002
316		5,363974628846283E-003	5,363974628846282E-003
317		4,462532977964149E-003	5,363974628846280E-003
318		6,437114073752220E-003	6,437114073752228E-003
319		1,782490498435690E-002	6,437114073752224E-003
320		8,121743027512127E-003	8,121743027512130E-003
321		4,641531151562005E-003	8,121743027512137E-003
322		9,891662091313189E-003	9,891662091313189E-003
323		1,512245309700631E-002	9,891662091313187E-003
324		1,399030366776152E-002	1,399030366776151E-002
325		1,005531051395829E-001	1,399030366776151E-002
326		1,711121271992317E-002	1,711121271992318E-002
327		1,883866680227014E-002	1,711121271992318E-002
328		2,827686723327753E-002	2,827686723327754E-002
329		2,599630758933747E-002	2,827686723327755E-002
330		5,448494419168293E-002	5,448494419168291E-002
331		1,277651254797839E-001	5,448494419168288E-002
332		6,270839321571190E-001	6,270839321571188E-001
333		2,203953727650087E-002	6,270839321571187E-001
334		7,789357327434861E-003	7,789357327434866E-003
335		1,017205954677858E-002	7,789357327434868E-003
336		1,055833445840304E-002	1,055833445840304E-002
337		1,551700807880762E-002	1,055833445840303E-002
338		2,294771947653695E-002	2,294771947653696E-002
339		3,078177700962948E-002	2,294771947653696E-002
340		6,867031991841073E-003	6,867031991841073E-003
341		9,834609035145263E-003	6,867031991841079E-003
342		3,987638468700883E-003	3,987638468700882E-003
343		1,279553593421552E-002	3,987638468700882E-003
344		1,195121406058487E-002	1,195121406058485E-002
345		1,048764031172800E-002	1,195121406058485E-002
346		5,948332837757409E-003	5,948332837757399E-003
347		7,826087596127827E-003	5,948332837757409E-003
348		2,643426360677721E-002	2,643426360677725E-002
349		7,528874383638137E-003	2,643426360677723E-002
350		2,696378661050108E-002	2,696378661050109E-002
351		7,586716790918171E-003	2,696378661050110E-002
352		9,886033253159499E-003	9,886033253159498E-003
353		1,491142632851332E-002	9,886033253159498E-003
354		4,191946254740695E-003	4,191946254740691E-003
355		6,429078159078232E-003	4,191946254740691E-003
356		6,478969664150740E-003	6,478969664150742E-003
357		6,560165044248940E-003	6,478969664150745E-003
358		9,250693136393475E-003	9,250693136393482E-003
359		4,169446695882543E-003	9,250693136393467E-003
360		2,674604044546771E-003	2,674604044546777E-003
361		4,052305150739498E-003	2,674604044546772E-003
362		5,951557535114563E-002	5,951557535114575E-002
363		7,872179419418795E-003	5,951557535114575E-002
364		5,834716318030540E-003	5,834716318030536E-003
365		2,797539534815912E-003	5,834716318030533E-003
366		2,707219441996982E-002	2,707219441996982E-002
367		3,069679474997414E-003	2,707219441996983E-002
368		7,828661034560657E-003	7,828661034560661E-003
369		5,594625791257042E-003	7,828661034560662E-003
370		4,097676205001122E-003	4,097676205001130E-003
371		5,970375971527795E-003	4,097676205001115E-003
372		2,591688135176518E-003	2,591688135176522E-003
373		5,760395771081060E-003	2,591688135176519E-003
374		2,148442643459278E-003	2,148442643459277E-003
375		2,302226833732668E-003	2,148442643459277E-003
376		4,212087590044075E-003	4,212087590044075E-003
377		6,982162449515138E-003	4,212087590044074E-003
378		1,143320901055376E-002	1,143320901055376E-002
379		9,016313522630126E-003	1,143320901055376E-002
380		1,671625940318514E-002	1,671625940318513E-002
381		1,261893544997039E-002	1,671625940318514E-002
382		9,614877930492259E-003	9,614877930492259E-003
383		8,497844158336310E-003	9,614877930492259E-003
384		5,942216630723306E-003	5,942216630723306E-003
385		6,258852821443592E-003	5,942216630723310E-003
386		1,973088065067375E-002	1,973088065067376E-002
387		5,809510933544757E-003	1,973088065067374E-002
388		1,043227029326128E-002	1,043227029326128E-002
389		1,171291485320743E-002	1,043227029326128E-002
390		1,244477428150379E-002	1,244477428150381E-002
391		3,998614695463440E-003	1,244477428150380E-002
392		2,582606267577183E-003	2,582606267577189E-003
393		6,892110934228687E-003	2,582606267577192E-003
394		3,407403479306589E-003	3,407403479306589E-003
395		3,794634367164268E-003	3,407403479306592E-003
396		4,334034336137821E-003	4,334034336137827E-003
397		6,798495299811204E-003	4,334034336137825E-003
398		1,480300401815953E-003	1,480300401815952E-003
399		4,821279884752120E-003	1,480300401815953E-003
400		5,501060353302623E-003	5,501060353302626E-003
401		1,257136413135139E-003	5,501060353302626E-003
402		1,374050021030694E-003	1,374050021030694E-003
403		1,341324803134968E-003	1,374050021030694E-003
404		1,608326576122491E-003	1,608326576122493E-003
405		2,261674096849245E-003	1,608326576122492E-003
406		1,627220202911028E-003	1,627220202911028E-003
407		2,369493015951114E-003	1,627220202911028E-003
408		2,004307148674195E-003	2,004307148674196E-003
409		1,642189374651310E-003	2,004307148674195E-003
410		2,240359238190908E-003	2,240359238190904E-003
411		1,886776290804475E-003	2,240359238190904E-003
412		2,154215625261475E-003	2,154215625261475E-003
413		2,012672088337481E-003	2,154215625261475E-003
414		3,714381304204809E-003	3,714381304204811E-003
415		2,139928242501236E-003	3,714381304204811E-003
416		1,491819374558186E-003	1,491819374558189E-003
417		1,140791505718710E-003	1,491819374558188E-003
418		3,731418548781892E-003	3,731418548781890E-003
419		7,910287941792823E-003	3,731418548781890E-003
420		2,248142286629338E-003	2,248142286629339E-003
421		1,556659492858839E-003	2,248142286629339E-003
422		6,174489141341412E-003	6,174489141341411E-003
423		8,399864960580159E-004	6,174489141341414E-003
424		1,121698575565341E-003	1,121698575565340E-003
425		5,278776309657417E-004	1,121698575565340E-003
426		1,498368021987673E-003	1,498368021987673E-003
427		1,013420694645612E-003	1,498368021987674E-003
428		2,310490553309009E-003	2,310490553309009E-003
429		8,280967463779458E-004	2,310490553309011E-003
430		2,712008953564091E-003	2,712008953564093E-003
431		1,820639458967731E-003	2,712008953564092E-003
432		2,300114200158613E-003	2,300114200158610E-003
433		4,102853218613542E-003	2,300114200158608E-003
434		4,231093438697008E-003	4,231093438697008E-003
435		3,114048430600509E-003	4,231093438697008E-003
436		6,862268924480076E-003	6,862268924480068E-003
437		2,212220553192221E-002	6,862268924480068E-003
438		2,193699795643442E-003	2,193699795643445E-003
439		2,919035788180927E-003	2,193699795643442E-003
440		2,847658076350195E-003	2,847658076350192E-003
441		2,152685247102863E-003	2,847658076350195E-003
442		8,632988040343815E-003	8,632988040343808E-003
443		9,273892477641673E-003	8,632988040343809E-003
444		5,496475396993363E-003	5,496475396993353E-003
445		1,021229019672209E-002	5,496475396993353E-003
446		1,006542720932464E-002	1,006542720932464E-002
447		9,760714493143847E-003	1,006542720932464E-002
448		4,162976031490703E-003	4,162976031490699E-003
449		1,393084287724947E-002	4,162976031490697E-003
450		4,365026879450703E-003	4,365026879450709E-003
451		3,268422947480389E-003	4,365026879450707E-003
452		1,133767803858968E-002	1,133767803858968E-002
453		8,278350688803313E-003	1,133767803858970E-002
454		4,736038601716965E-003	4,736038601716965E-003
455		2,063493938078257E-003	4,736038601716965E-003
456		1,102626747357141E-002	1,102626747357140E-002
457		6,417610186480010E-003	1,102626747357140E-002
458		6,179711123762191E-003	6,179711123762187E-003
459		3,124827601112539E-003	6,179711123762191E-003
460		2,439749994009149E-003	2,439749994009143E-003
461		3,547788056822418E-003	2,439749994009146E-003
462		3,023911550032051E-003	3,023911550032048E-003
463		1,308686117017418E-003	3,023911550032046E-003
464		1,489887371961298E-003	1,489887371961299E-003
465		1,797206497518105E-003	1,489887371961296E-003
466		1,499604502180478E-003	1,499604502180480E-003
467		1,396546129893284E-003	1,499604502180479E-003
468		4,230637281270799E-003	4,230637281270795E-003
469		1,867264037973752E-003	4,230637281270792E-003
470		3,558968748768895E-003	3,558968748768895E-003
471		1,496739758009367E-003	3,558968748768897E-003
472		1,780567796700208E-003	1,780567796700210E-003
473		2,287015206331847E-003	1,780567796700207E-003
474		4,628591189052373E-003	4,628591189052371E-003
475		2,114010019807067E-003	4,628591189052370E-003
476		2,150870565419789E-003	2,150870565419790E-003
477		4,896064767049664E-003	2,150870565419788E-003
478		5,006313211522443E-003	5,006313211522443E-003
479		1,403618415374286E-003	5,006313211522444E-003
480		6,348430559016212E-003	6,348430559016221E-003
481		4,838139902206831E-003	6,348430559016221E-003
482		2,997685186331236E-003	2,997685186331237E-003
483		1,705737633359859E-003	2,997685186331238E-003
484		1,870194966390607E-003	1,870194966390606E-003
485		8,157894624898505E-004	1,870194966390606E-003
486		8,325123302472231E-004	8,325123302472228E-004
487		6,901577490603341E-004	8,325123302472229E-004
488		7,970142446139630E-004	7,970142446139630E-004
489		1,681473957236251E-003	7,970142446139626E-004
490		1,166726936571538E-003	1,166726936571537E-003
491		9,225235896038732E-004	1,166726936571536E-003
492		1,080613844428460E-003	1,080613844428458E-003
493		2,916117634492849E-003	1,080613844428460E-003
494		9,392511832790268E-004	9,392511832790226E-004
495		9,994738443361109E-004	9,392511832790257E-004
496		2,448007535830930E-003	2,448007535830926E-003
497		8,557866216628801E-004	2,448007535830926E-003
498		8,233691037299306E-004	8,233691037299316E-004
499		2,011201086869260E-003	8,233691037299299E-004
500		5,317155189432998E-003	5,317155189432988E-003
501		2,359929411609745E-003	5,317155189432991E-003
502		2,538756770679595E-003	2,538756770679597E-003
503		2,821922483004375E-003	2,538756770679594E-003
504		2,440012594175525E-003	2,440012594175523E-003
505		3,653745857498377E-003	2,440012594175523E-003
506		9,989279750651427E-003	9,989279750651427E-003
507		5,363392911699931E-003	9,989279750651434E-003
508		3,972715883576525E-003	3,972715883576528E-003
509		5,575422069009659E-003	3,972715883576526E-003
510		4,697151035250793E-003	4,697151035250789E-003
511		1,494373018323993E-002	4,697151035250789E-003
512		5,420876888449302E-003	5,420876888449310E-003
513		2,850001288001323E-003	5,420876888449309E-003
514		1,530724492443866E-003	1,530724492443864E-003
515		2,115617618912329E-003	1,530724492443865E-003
516		5,160896856808938E-003	5,160896856808940E-003
517		1,833425211874042E-003	5,160896856808944E-003
518		4,122491990217652E-003	4,122491990217657E-003
519		1,768604494086911E-003	4,122491990217658E-003
520		1,248887763007781E-003	1,248887763007779E-003
521		1,652792491088200E-003	1,248887763007780E-003
522		4,954795723579650E-003	4,954795723579647E-003
523		1,817804984437920E-003	4,954795723579648E-003
524		1,336183263818420E-003	1,336183263818419E-003
525		2,259029423203795E-003	1,336183263818419E-003
526		2,095406702580320E-003	2,095406702580320E-003
527		6,787252210435993E-004	2,095406702580320E-003
528		7,324089586980007E-004	7,324089586980016E-004
529		9,977228479770029E-003	7,324089586980011E-004
530		1,193706244275996E-003	1,193706244275997E-003
531		9,275323385637074E-004	1,193706244275997E-003
532		5,551027874716811E-003	5,551027874716815E-003
533		1,705597671136387E-003	5,551027874716809E-003
534		1,790613572333147E-003	1,790613572333148E-003
535		2,665891371033078E-003	1,790613572333148E-003
536		4,084711340679946E-003	4,084711340679952E-003
537		2,335423133904039E-003	4,084711340679950E-003
538		1,675930797837181E-003	1,675930797837176E-003
539		4,105242821703268E-003	1,675930797837179E-003
540		1,493133566911029E-003	1,493133566911030E-003
541		2,206618520439458E-003	1,493133566911028E-003
542		1,429926151114646E-003	1,429926151114647E-003
543		1,560218340778779E-003	1,429926151114644E-003
544		1,331596943992151E-003	1,331596943992150E-003
545		1,063927330756990E-003	1,331596943992150E-003
546		1,842501331300618E-003	1,842501331300619E-003
547		1,016632789666694E-003	1,842501331300620E-003
548		1,479382105472254E-003	1,479382105472254E-003
549		5,342294953887654E-004	1,479382105472254E-003
550		4,944409380950867E-004	4,944409380950866E-004
551		8,701516233199442E-004	4,944409380950868E-004
552		1,597268577099313E-003	1,597268577099313E-003
553		1,133838758718415E-003	1,597268577099313E-003
554		5,714019493201918E-004	5,714019493201923E-004
555		2,758908933494836E-004	5,714019493201916E-004
556		8,424688081265740E-004	8,424688081265744E-004
557		1,144507678660886E-003	8,424688081265750E-004
558		4,578124768465704E-004	4,578124768465702E-004
559		9,683319716881799E-004	4,578124768465695E-004
560		2,973843547156171E-003	2,973843547156171E-003
561		4,039845971105827E-003	2,973843547156174E-003
562		4,847178598632347E-003	4,847178598632348E-003
563		5,886210130656691E-003	4,847178598632359E-003
564		2,126608151265717E-003	2,126608151265716E-003
565		5,349894685740431E-004	2,126608151265717E-003
566		9,828405509932179E-004	9,828405509932183E-004
567		3,018120902545869E-004	9,828405509932172E-004
568		7,703093562507375E-004	7,703093562507359E-004
569		9,622004509831717E-004	7,703093562507372E-004
570		1,595669208659923E-003	1,595669208659922E-003
571		4,131911576740287E-004	1,595669208659923E-003
572		1,014743534513971E-003	1,014743534513972E-003
573		7,108056367173000E-004	1,014743534513972E-003
574		2,701322126095022E-004	2,701322126095023E-004
575		2,539746015472641E-004	2,701322126095020E-004
576		4,163028328740864E-003	4,163028328740871E-003
577		1,756153771123801E-003	4,163028328740872E-003
578		5,210055652627097E-004	5,210055652627104E-004
579		5,859741544544097E-004	5,210055652627103E-004
580		4,139778843856002E-004	4,139778843856005E-004
581		3,418388062759109E-004	4,139778843856002E-004
582		4,091916388135603E-004	4,091916388135604E-004
583		3,250172726236711E-004	4,091916388135609E-004
584		2,554307629471072E-004	2,554307629471070E-004
585		2,400752027355165E-004	2,554307629471073E-004
586		1,294114190026591E-004	1,294114190026592E-004
587		1,581638113513853E-004	1,294114190026592E-004
588		2,513095590608975E-004	2,513095590608972E-004
589		1,844357368983429E-004	2,513095590608973E-004
590		2,478973887844141E-004	2,478973887844141E-004
591		3,862487423468761E-004	2,478973887844140E-004
592		5,317740883711638E-004	5,317740883711644E-004
593		3,415488570282540E-004	5,317740883711642E-004
594		2,506950179120639E-004	2,506950179120639E-004
595		2,347424949739268E-004	2,506950179120641E-004
596		1,699078047963474E-004	1,699078047963477E-004
597		3,484237167633165E-004	1,699078047963475E-004
598		2,184379520551250E-004	2,184379520551250E-004
599		2,047875473325989E-004	2,184379520551252E-004
600		3,154961981253230E-004	3,154961981253222E-004
601		2,036055070668586E-004	3,154961981253226E-004
602		2,758238372726728E-004	2,758238372726731E-004
603		4,013486345018411E-004	2,758238372726733E-004
604		1,550917147130775E-004	1,550917147130775E-004
605		4,621820316986685E-004	1,550917147130774E-004
606		9,871090115862213E-005	9,871090115862219E-005
607		1,394647022784057E-004	9,871090115862210E-005
608		1,044153670406072E-004	1,044153670406072E-004
609		1,869447868639989E-004	1,044153670406072E-004
610		3,775545265090407E-004	3,775545265090413E-004
611		3,145340261854831E-004	3,775545265090408E-004
612		2,680503271810576E-004	2,680503271810578E-004
613		3,302704094138851E-004	2,680503271810581E-004
614		5,838811160250492E-004	5,838811160250489E-004
615		2,720248011903538E-004	5,838811160250489E-004
616		4,313791908379991E-004	4,313791908379991E-004
617		3,295997331301720E-004	4,313791908379997E-004
618		3,440208028389512E-004	3,440208028389511E-004
619		1,506886952583961E-003	3,440208028389509E-004
620		3,410339111715349E-004	3,410339111715351E-004
621		5,813935826918040E-004	3,410339111715349E-004
622		5,701352015401012E-004	5,701352015401006E-004
623		7,764314670671347E-004	5,701352015401013E-004
624		4,525943360913407E-004	4,525943360913409E-004
625		4,473320197164478E-004	4,525943360913404E-004
626		1,044074979290299E-003	1,044074979290299E-003
627		4,106226273202688E-003	1,044074979290300E-003
628		7,642054255868649E-004	7,642054255868656E-004
629		1,191297685402107E-003	7,642054255868649E-004
630		4,618767321516194E-004	4,618767321516200E-004
631		9,582510548190123E-004	4,618767321516197E-004
632		3,349591421597580E-004	3,349591421597575E-004
633		3,027043112519351E-004	3,349591421597581E-004
634		4,632705313080289E-004	4,632705313080295E-004
635		9,987770058262275E-004	4,632705313080293E-004
636		3,384451103046246E-004	3,384451103046247E-004
637		5,974084662133411E-004	3,384451103046240E-004
638		7,462445128170187E-004	7,462445128170187E-004
639		1,110501787617662E-003	7,462445128170186E-004
640		8,045761040622632E-004	8,045761040622625E-004
641		2,113864395252112E-003	8,045761040622621E-004
642		3,210426641238057E-003	3,210426641238058E-003
643		9,458444889533448E-004	3,210426641238051E-003
644		8,026690590147845E-004	8,026690590147853E-004
645		7,613052179812361E-004	8,026690590147849E-004
646		2,363122882559900E-003	2,363122882559900E-003
647		7,562930081103900E-004	2,363122882559900E-003
648		2,319995252551660E-003	2,319995252551662E-003
649		4,665452092819696E-003	2,319995252551663E-003
650		9,474528623804250E-004	9,474528623804264E-004
651		7,589723865331527E-004	9,474528623804267E-004
652		9,794434660320285E-004	9,794434660320276E-004
653		8,049095735750041E-004	9,794434660320287E-004
654		1,042478153113157E-003	1,042478153113158E-003
655		2,492195129970784E-003	1,042478153113158E-003
656		1,269955985572136E-003	1,269955985572136E-003
657		7,818349041164605E-004	1,269955985572135E-003
658		7,249656085881202E-004	7,249656085881201E-004
659		2,409900491774289E-003	7,249656085881196E-004
660		3,209299778602935E-003	3,209299778602933E-003
661		1,146376144985955E-003	3,209299778602933E-003
662		1,772717717044247E-003	1,772717717044247E-003
663		1,548200106010393E-003	1,772717717044247E-003
664		9,873326241225415E-004	9,873326241225397E-004
665		1,184056109202868E-003	9,873326241225415E-004
666		7,905951341111094E-004	7,905951341111094E-004
667		3,907076039224224E-004	7,905951341111094E-004
668		3,300990312170756E-004	3,300990312170759E-004
669		4,443425778245002E-004	3,300990312170756E-004
670		5,790663772503394E-004	5,790663772503398E-004
671		1,459781166394956E-003	5,790663772503403E-004
672		8,162119559963890E-004	8,162119559963868E-004
673		2,079842925455319E-002	8,162119559963885E-004
674		8,837453750025288E-004	8,837453750025289E-004
675		5,869405856081996E-004	8,837453750025284E-004
676		5,890346334109387E-004	5,890346334109391E-004
677		6,516787921938635E-004	5,890346334109394E-004
678		3,952311007813294E-004	3,952311007813293E-004
679		3,325202414464070E-004	3,952311007813290E-004
680		2,653306317310958E-004	2,653306317310957E-004
681		2,323661280894851E-004	2,653306317310960E-004
682		3,835255939849621E-004	3,835255939849627E-004
683		4,050352457599802E-004	3,835255939849624E-004
684		5,983446942324475E-004	5,983446942324483E-004
685		8,191030135849873E-004	5,983446942324479E-004
686		1,045283673876440E-003	1,045283673876440E-003
687		5,479140377002955E-003	1,045283673876440E-003
688		7,640184840420176E-004	7,640184840420172E-004
689		8,841471030540297E-004	7,640184840420182E-004
690		4,480751596631537E-004	4,480751596631542E-004
691		4,593366262312868E-004	4,480751596631537E-004
692		1,604345297022096E-003	1,604345297022094E-003
693		3,183945070181868E-003	1,604345297022094E-003
694		4,138297506918249E-004	4,138297506918251E-004
695		3,034138949645053E-004	4,138297506918252E-004
696		2,198513130187681E-004	2,198513130187683E-004
697		2,215688459682409E-004	2,198513130187686E-004
698		5,393272911602961E-004	5,393272911602961E-004
699		2,779694844847296E-004	5,393272911602965E-004
700		4,529195457076298E-004	4,529195457076293E-004
701		1,280341347875150E-004	4,529195457076300E-004
702		1,358942762438387E-004	1,358942762438388E-004
703		2,554957350696265E-004	1,358942762438386E-004
704		1,502312071661080E-004	1,502312071661082E-004
705		1,436020279138043E-004	1,502312071661082E-004
706		2,066025127280608E-004	2,066025127280605E-004
707		3,298329237394545E-004	2,066025127280605E-004
708		5,430347524880042E-004	5,430347524880044E-004
709		3,548764292618564E-004	5,430347524880044E-004
710		4,674788157369275E-004	4,674788157369271E-004
711		6,345260981268928E-004	4,674788157369276E-004
712		6,841388571982771E-004	6,841388571982766E-004
713		1,367704095949980E-003	6,841388571982767E-004
714		2,928170027091779E-003	2,928170027091781E-003
715		2,237633432477614E-003	2,928170027091779E-003
716		9,963518074780503E-004	9,963518074780535E-004
717		2,371541647861669E-003	9,963518074780531E-004
718		1,928789912950609E-003	1,928789912950610E-003
719		1,283243629252682E-003	1,928789912950611E-003
720		1,595861011899609E-003	1,595861011899608E-003
721		9,088801126970006E-004	1,595861011899609E-003
722		9,415505210408595E-004	9,415505210408596E-004
723		6,760318233539867E-004	9,415505210408595E-004
724		5,418738462293674E-004	5,418738462293675E-004
725		9,398327551349391E-004	5,418738462293673E-004
726		1,765445607781839E-003	1,765445607781839E-003
727		9,923266030857538E-004	1,765445607781841E-003
728		7,319278442243217E-004	7,319278442243213E-004
729		5,698851651655089E-004	7,319278442243218E-004
730		2,455860429389767E-003	2,455860429389769E-003
731		1,348462720554172E-003	2,455860429389767E-003
732		1,019922105156702E-003	1,019922105156703E-003
733		8,785813267772264E-004	1,019922105156703E-003
734		1,429167007400898E-003	1,429167007400898E-003
735		1,109027152637606E-003	1,429167007400896E-003
736		3,218914031653617E-003	3,218914031653617E-003
737		6,384981779566729E-004	3,218914031653616E-003
738		7,407161074932063E-004	7,407161074932068E-004
739		4,189242955748087E-004	7,407161074932065E-004
740		6,416549756776990E-004	6,416549756776989E-004
741		8,796705007371829E-004	6,416549756776990E-004
742		6,858701010550875E-004	6,858701010550883E-004
743		8,432525286162488E-004	6,858701010550871E-004
744		1,085777402154816E-003	1,085777402154816E-003
745		6,293255483082108E-004	1,085777402154817E-003
746		6,699349932729103E-004	6,699349932729109E-004
747		7,072100776790666E-004	6,699349932729103E-004
748		5,426516782134279E-004	5,426516782134280E-004
749		4,137603217925919E-004	5,426516782134286E-004
750		6,696896954588940E-004	6,696896954588936E-004
751		1,627118583195496E-002	6,696896954588945E-004
752		1,336466539015262E-003	1,336466539015262E-003
753		6,829780747340783E-004	1,336466539015262E-003
754		6,864274139984819E-004	6,864274139984830E-004
755		7,267858327492508E-004	6,864274139984829E-004
756		1,225901666122267E-003	1,225901666122267E-003
757		1,420387695087689E-002	1,225901666122269E-003
758		2,783808770966249E-003	2,783808770966249E-003
759		3,056425170008671E-003	2,783808770966248E-003
760		3,153777492992075E-003	3,153777492992072E-003
761		1,402124043018073E-003	3,153777492992070E-003
762		7,138889940338203E-004	7,138889940338190E-004
763		1,775250863208657E-003	7,138889940338203E-004
764		1,327425130607780E-003	1,327425130607779E-003
765		8,719847343397490E-004	1,327425130607779E-003
766		9,703023130531516E-004	9,703023130531521E-004
767		1,738822825254885E-003	9,703023130531539E-004
768		1,693079535973625E-003	1,693079535973626E-003
769		8,974476344550657E-004	1,693079535973626E-003
770		8,186006520074035E-004	8,186006520074027E-004
771		9,408895964418422E-004	8,186006520074032E-004
772		7,066357862453410E-004	7,066357862453403E-004
773		6,134776187955983E-004	7,066357862453397E-004
774		7,659020997880502E-004	7,659020997880498E-004
775		1,198461582413665E-003	7,659020997880507E-004
776		1,155486769552637E-003	1,155486769552635E-003
777		1,664796857776137E-003	1,155486769552636E-003
778		1,733222382319715E-003	1,733222382319717E-003
779		1,256165054304472E-003	1,733222382319716E-003
780		1,230209807410574E-003	1,230209807410575E-003
781		6,413535641653759E-004	1,230209807410575E-003
782		1,057477017736242E-003	1,057477017736241E-003
783		2,102379331381278E-003	1,057477017736240E-003
784		2,243040353556659E-003	2,243040353556657E-003
785		1,019492528285697E-003	2,243040353556658E-003
786		1,005027058827551E-003	1,005027058827551E-003
787		7,303202959971368E-004	1,005027058827551E-003
788		5,196733263917537E-004	5,196733263917535E-004
789		1,034134873764551E-003	5,196733263917537E-004
790		3,295396294912521E-003	3,295396294912521E-003
791		2,103347523393143E-003	3,295396294912520E-003
792		1,150429695275811E-003	1,150429695275811E-003
793		6,583100299807625E-004	1,150429695275812E-003
794		2,085217303569212E-004	2,085217303569214E-004
795		1,840578298200147E-004	2,085217303569216E-004
796		2,132665513697470E-004	2,132665513697471E-004
797		4,656298755437198E-004	2,132665513697475E-004
798		1,648911982286992E-004	1,648911982286990E-004
799		2,735088716777392E-004	1,648911982286992E-004
800		3,463447136708117E-004	3,463447136708117E-004
801		3,058953946019846E-004	3,463447136708117E-004
802		2,026627406364730E-004	2,026627406364729E-004
803		1,810660001617689E-004	2,026627406364729E-004
804		2,034709428156632E-004	2,034709428156629E-004
805		1,322736746804450E-003	2,034709428156629E-004
806		5,836199548108586E-004	5,836199548108585E-004
807		3,223852008946391E-004	5,836199548108585E-004
808		4,180792972788467E-004	4,180792972788457E-004
809		6,783715524214027E-004	4,180792972788464E-004
810		2,257888339818087E-003	2,257888339818086E-003
811		5,706962202929570E-004	2,257888339818087E-003
812		5,929100705807144E-004	5,929100705807143E-004
813		5,860862449670423E-004	5,929100705807137E-004
814		9,428664084672208E-004	9,428664084672216E-004
815		8,584701452254953E-004	9,428664084672207E-004
816		3,024829192760990E-003	3,024829192760990E-003
817		2,494828957650041E-003	3,024829192760986E-003
818		8,097254266963136E-004	8,097254266963136E-004
819		3,972530256893780E-004	8,097254266963133E-004
820		6,968504330475544E-004	6,968504330475544E-004
821		5,728248002474850E-003	6,968504330475541E-004
822		4,913494238210088E-003	4,913494238210098E-003
823		1,286316280619426E-003	4,913494238210096E-003
824		1,720136481599057E-003	1,720136481599056E-003
825		2,325462507624265E-003	1,720136481599057E-003
826		2,188949426108409E-003	2,188949426108410E-003
827		1,263055784875813E-003	2,188949426108407E-003
828		7,686773322582478E-004	7,686773322582511E-004
829		6,485896621202275E-004	7,686773322582499E-004
830		4,982798202581075E-004	4,982798202581073E-004
831		7,140800372846262E-004	4,982798202581077E-004
832		1,596808396738252E-003	1,596808396738250E-003
833		3,906840722734166E-004	1,596808396738251E-003
834		4,254315079213379E-003	4,254315079213376E-003
835		2,326564090045527E-004	4,254315079213364E-003
836		4,605439375897965E-003	4,605439375897963E-003
837		5,331485977589111E-004	4,605439375897961E-003
838		2,216331390832190E-004	2,216331390832190E-004
839		1,741779709172170E-003	2,216331390832190E-004
840		9,747768967776895E-004	9,747768967776886E-004
841		1,147511841264237E-003	9,747768967776895E-004
842		1,465060542518354E-003	1,465060542518355E-003
843		1,262619494064448E-003	1,465060542518355E-003
844		2,676444271421899E-003	2,676444271421897E-003
845		6,748133985980145E-004	2,676444271421901E-003
846		6,276432152934496E-004	6,276432152934508E-004
847		5,499235724295163E-004	6,276432152934504E-004
848		6,883941129261678E-004	6,883941129261680E-004
849		3,558409751028956E-004	6,883941129261679E-004
850		5,837772009749695E-004	5,837772009749698E-004
851		1,233199619718967E-003	5,837772009749697E-004
852		1,495446153110015E-003	1,495446153110016E-003
853		1,549545261662128E-003	1,495446153110016E-003
854		1,194959836295471E-003	1,194959836295471E-003
855		1,660550488037308E-003	1,194959836295471E-003
856		1,604544488137182E-003	1,604544488137182E-003
857		5,415551954389763E-003	1,604544488137182E-003
858		2,804932301267734E-003	2,804932301267735E-003
859		3,719390280576701E-003	2,804932301267733E-003
860		2,027058202426618E-003	2,027058202426619E-003
861		7,403021968118099E-004	2,027058202426619E-003
862		3,735183632636526E-004	3,735183632636521E-004
863		4,676863034923414E-004	3,735183632636525E-004
864		3,748830666643832E-004	3,748830666643830E-004
865		1,019074795320897E-003	3,748830666643830E-004
866		8,579530526250053E-004	8,579530526250045E-004
867		5,968121159663998E-004	8,579530526250046E-004
868		6,274427560215992E-004	6,274427560215996E-004
869		1,910983192290364E-004	6,274427560216002E-004
870		3,183719913470948E-004	3,183719913470953E-004
871		2,183803302394291E-004	3,183719913470951E-004
872		7,388499717389700E-004	7,388499717389695E-004
873		6,068445128225351E-004	7,388499717389696E-004
874		4,120373519192584E-004	4,120373519192579E-004
875		2,901665138461224E-004	4,120373519192581E-004
876		1,765556407505625E-004	1,765556407505625E-004
877		1,228682136653631E-004	1,765556407505625E-004
878		1,574956860387383E-004	1,574956860387383E-004
879		8,180219680590756E-005	1,574956860387383E-004
880		1,218750509566233E-004	1,218750509566231E-004
881		9,000921859146119E-005	1,218750509566230E-004
882		7,291071102999122E-005	7,291071102999122E-005
883		6,680073758341155E-005	7,291071102999131E-005
884		6,720336459022108E-005	6,720336459022111E-005
885		8,935555228900149E-005	6,720336459022104E-005
886		9,976626633051211E-005	9,976626633051208E-005
887		1,507617040392146E-004	9,976626633051211E-005
888		9,729893299783789E-005	9,729893299783782E-005
889		8,185767612184383E-005	9,729893299783783E-005
890		3,030935005913041E-004	3,030935005913040E-004
891		1,609060427778350E-004	3,030935005913040E-004
892		2,772522146453907E-004	2,772522146453908E-004
893		2,271286636193111E-004	2,772522146453908E-004
894		6,851631150075402E-005	6,851631150075403E-005
895		6,579402050705799E-005	6,851631150075395E-005
896		5,251935547705272E-005	5,251935547705263E-005
897		5,663223044484372E-005	5,251935547705267E-005
898		4,339394122610234E-005	4,339394122610236E-005
899		9,203992785293326E-005	4,339394122610234E-005
900		1,776137016294494E-004	1,776137016294495E-004
901		7,952192135472256E-005	1,776137016294495E-004
902		2,476439776597634E-004	2,476439776597634E-004
903		3,164544000375197E-004	2,476439776597636E-004
904		2,457457320288467E-004	2,457457320288468E-004
905		9,418192499333513E-005	2,457457320288469E-004
906		9,975591922237068E-005	9,975591922237068E-005
907		1,267092189513313E-004	9,975591922237057E-005
908		1,192242472564358E-004	1,192242472564358E-004
909		7,980299213767276E-005	1,192242472564358E-004
910		1,680914395852262E-003	1,680914395852263E-003
911		2,591778847576547E-003	1,680914395852263E-003
912		5,158937781607421E-004	5,158937781607423E-004
913		8,532667525401666E-004	5,158937781607420E-004
914		2,986255113922049E-004	2,986255113922044E-004
915		2,838897179987323E-004	2,986255113922047E-004
916		6,648720068717236E-004	6,648720068717229E-004
917		4,997348903617092E-004	6,648720068717239E-004
918		1,351100346249103E-004	1,351100346249104E-004
919		1,075795384314272E-004	1,351100346249104E-004
920		2,150739220251576E-004	2,150739220251574E-004
921		3,092666842673095E-004	2,150739220251575E-004
922		1,863846904244824E-004	1,863846904244824E-004
923		6,373563444146346E-004	1,863846904244824E-004
924		2,006928888164870E-004	2,006928888164871E-004
925		2,660466484478419E-004	2,006928888164870E-004
926		4,116924950454502E-004	4,116924950454500E-004
927		3,545895261807829E-004	4,116924950454500E-004
928		2,275442628843706E-004	2,275442628843705E-004
929		1,896124480602964E-004	2,275442628843704E-004
930		5,084668197955102E-004	5,084668197955102E-004
931		5,871379329293851E-004	5,084668197955102E-004
932		1,315469904591691E-003	1,315469904591690E-003
933		9,591488157140148E-004	1,315469904591690E-003
934		6,060960015267224E-004	6,060960015267223E-004
935		8,764988903619292E-004	6,060960015267226E-004
936		1,535206880538469E-003	1,535206880538468E-003
937		1,399686658306673E-003	1,535206880538467E-003
938		2,508047101612944E-003	2,508047101612944E-003
939		6,588799629765511E-004	2,508047101612944E-003
940		6,309935461585481E-004	6,309935461585478E-004
941		7,034882652332743E-004	6,309935461585480E-004
942		6,839540075215707E-004	6,839540075215711E-004
943		9,146671210087658E-004	6,839540075215710E-004
944		5,480505934900459E-004	5,480505934900455E-004
945		9,758154297690411E-004	5,480505934900461E-004
946		6,251827827558812E-004	6,251827827558806E-004
947		9,498633479284337E-004	6,251827827558808E-004
948		1,811780472579996E-003	1,811780472579991E-003
949		2,122578239615073E-003	1,811780472579992E-003
950		2,954244997665683E-003	2,954244997665678E-003
951		6,114667384466255E-003	2,954244997665684E-003
952		3,841308730605674E-003	3,841308730605675E-003
953		2,883433201711568E-003	3,841308730605675E-003
954		8,180704956925028E-004	8,180704956925026E-004
955		1,828559520714149E-003	8,180704956925031E-004
956		5,459220162585866E-004	5,459220162585865E-004
957		1,508111570315921E-003	5,459220162585866E-004
958		3,004782609041228E-003	3,004782609041227E-003
959		2,582681229437180E-003	3,004782609041226E-003
960		2,887871367340067E-003	2,887871367340066E-003
961		8,959271005530000E-004	2,887871367340066E-003
962		8,064103244060013E-004	8,064103244060017E-004
963		3,401597445548709E-004	8,064103244060021E-004
964		4,408311280105819E-004	4,408311280105817E-004
965		1,323096053240585E-003	4,408311280105816E-004
966		1,369435264477207E-003	1,369435264477209E-003
967		1,653937177225130E-003	1,369435264477208E-003
968		1,817369884833129E-003	1,817369884833128E-003
969		5,939934485492574E-003	1,817369884833129E-003
970		2,057454826122685E-003	2,057454826122687E-003
971		2,489286043834292E-003	2,057454826122690E-003
972		1,092118203689275E-003	1,092118203689274E-003
973		7,379461588325575E-004	1,092118203689274E-003
974		1,233268002947266E-003	1,233268002947266E-003
975		1,306623514660693E-003	1,233268002947266E-003
976		1,076924539734052E-003	1,076924539734051E-003
977		3,022087958581820E-004	1,076924539734051E-003
978		6,087902211417306E-004	6,087902211417305E-004
979		3,456372570769555E-004	6,087902211417308E-004
980		3,813059380035717E-004	3,813059380035715E-004
981		1,295484103222169E-003	3,813059380035719E-004
982		3,680546252769609E-004	3,680546252769612E-004
983		6,346751881169282E-004	3,680546252769609E-004
984		1,170842791316884E-003	1,170842791316884E-003
985		6,252105713126406E-004	1,170842791316887E-003
986		7,747366599146776E-004	7,747366599146769E-004
987		8,974632597491648E-004	7,747366599146773E-004
988		1,276273926930425E-003	1,276273926930425E-003
989		1,097796849124798E-003	1,276273926930425E-003
990		1,976364360876391E-003	1,976364360876390E-003
991		1,151220463352936E-003	1,976364360876392E-003
992		1,191948258944075E-003	1,191948258944075E-003
993		5,579994571336186E-004	1,191948258944075E-003
994		6,106470619249992E-004	6,106470619249993E-004
995		9,013579149764973E-004	6,106470619249997E-004
996		5,846430244020639E-003	5,846430244020631E-003
997		4,480164126795792E-004	5,846430244020636E-003
998		5,550503853736051E-003	5,550503853736052E-003
999		1,239085426435983E-003	5,550503853736061E-003
1000		2,658808498271323E-003	2,658808498271323E-003
1001		9,748743760382892E-004	2,658808498271323E-003
1002		8,087606169194757E-004	8,087606169194761E-004
1003		4,713772503009024E-004	8,087606169194761E-004
1004		7,675517027335943E-004	7,675517027335930E-004
1005		3,102765771153198E-004	7,675517027335933E-004
1006		2,610602663104925E-004	2,610602663104925E-004
1007		7,868792521915748E-004	2,610602663104923E-004
1008		4,416591564745392E-004	4,416591564745385E-004
1009		8,786818886811300E-004	4,416591564745387E-004
1010		3,416788825590712E-004	3,416788825590706E-004
1011		1,198075370823666E-003	3,416788825590710E-004
1012		5,530906349229757E-004	5,530906349229759E-004
1013		2,095840554660344E-004	5,530906349229761E-004
1014		4,183812319511491E-004	4,183812319511491E-004
1015		7,744293234879277E-004	4,183812319511490E-004
1016		3,644152509640948E-004	3,644152509640955E-004
1017		1,559894922768785E-004	3,644152509640949E-004
1018		5,608235046595741E-004	5,608235046595742E-004
1019		5,917322967083351E-004	5,608235046595743E-004
1020		1,119516635879112E-004	1,119516635879113E-004
1021		3,563695266674550E-004	1,119516635879113E-004
1022		7,975328909798455E-004	7,975328909798457E-004
1023		5,713240272161825E-004	7,975328909798455E-004
1024		3,589290010382894E-004	3,589290010382886E-004
1025		4,783549158801829E-004	3,589290010382892E-004
1026		4,976270141677964E-004	4,976270141677958E-004
1027		3,897829575895286E-004	4,976270141677959E-004
1028		4,015375133428007E-004	4,015375133428003E-004
1029		2,740146472934760E-004	4,015375133428000E-004
1030		6,739717515558146E-004	6,739717515558150E-004
1031		2,852877786710624E-004	6,739717515558155E-004
1032		5,221311188967456E-004	5,221311188967458E-004
1033		7,448346941858612E-004	5,221311188967454E-004
1034		7,498973540946574E-004	7,498973540946575E-004
1035		3,394241626186604E-003	7,498973540946564E-004
1036		1,025526218976050E-003	1,025526218976051E-003
1037		1,333025902160675E-003	1,025526218976051E-003
1038		1,362316425082715E-003	1,362316425082714E-003
1039		5,171082445851579E-004	1,362316425082714E-003
1040		9,747789209124785E-004	9,747789209124786E-004
1041		9,910818850139981E-004	9,747789209124785E-004
1042		6,077180047202293E-004	6,077180047202301E-004
1043		1,612135471553965E-003	6,077180047202295E-004
1044		3,609470343663521E-004	3,609470343663519E-004
1045		2,281744737083419E-004	3,609470343663518E-004
1046		3,289616881557211E-004	3,289616881557214E-004
1047		3,599442201723781E-004	3,289616881557214E-004
1048		4,706953535193453E-004	4,706953535193451E-004
1049		6,127379042508354E-004	4,706953535193449E-004
1050		1,617269978129122E-003	1,617269978129121E-003
1051		3,569464749269453E-004	1,617269978129123E-003
1052		4,001974899059181E-004	4,001974899059178E-004
1053		3,765180544300322E-004	4,001974899059178E-004
1054		2,707117943863639E-004	2,707117943863643E-004
1055		3,202019648294987E-004	2,707117943863641E-004
1056		2,689377489709479E-004	2,689377489709479E-004
1057		1,600161433643681E-004	2,689377489709480E-004
1058		1,458881390333871E-004	1,458881390333870E-004
1059		2,010846101383889E-004	1,458881390333872E-004
1060		4,061330452009318E-004	4,061330452009317E-004
1061		5,085510953124513E-004	4,061330452009321E-004
1062		9,884139497360084E-004	9,884139497360082E-004
1063		3,723740337646918E-003	9,884139497360082E-004
1064		8,295413965611825E-004	8,295413965611820E-004
1065		7,055449154692011E-004	8,295413965611825E-004
1066		7,978985901676684E-004	7,978985901676688E-004
1067		6,043216992423556E-004	7,978985901676689E-004
1068		5,387077484379405E-004	5,387077484379410E-004
1069		4,348662626405057E-003	5,387077484379411E-004
1070		2,162100947300961E-003	2,162100947300961E-003
1071		2,034275009349215E-003	2,162100947300961E-003
1072		1,597922138435785E-003	1,597922138435786E-003
1073		6,357093624798771E-004	1,597922138435784E-003
1074		6,515267527758070E-004	6,515267527758070E-004
1075		3,115622804686528E-003	6,515267527758066E-004
1076		1,628922025911708E-003	1,628922025911707E-003
1077		3,091518495416711E-004	1,628922025911709E-003
1078		5,512924758879432E-004	5,512924758879431E-004
1079		1,728815339768647E-003	5,512924758879429E-004
1080		1,197777725400135E-003	1,197777725400135E-003
1081		3,242873904136495E-004	1,197777725400135E-003
1082		2,215222040492658E-004	2,215222040492660E-004
1083		2,133790018395833E-004	2,215222040492664E-004
1084		2,029406431854254E-004	2,029406431854254E-004
1085		2,407446648317819E-004	2,029406431854255E-004
1086		4,057894152575575E-004	4,057894152575578E-004
1087		3,344304128337451E-004	4,057894152575576E-004
1088		2,859058628738501E-004	2,859058628738500E-004
1089		3,714259949718381E-004	2,859058628738501E-004
1090		2,357008222637516E-004	2,357008222637516E-004
1091		1,539263139726802E-004	2,357008222637517E-004
1092		3,905406567513183E-004	3,905406567513176E-004
1093		7,737000716746433E-004	3,905406567513183E-004
1094		1,423190767839293E-003	1,423190767839294E-003
1095		3,308762742482872E-004	1,423190767839294E-003
1096		2,149956341358089E-004	2,149956341358089E-004
1097		3,144809184055573E-004	2,149956341358088E-004
1098		8,411897999063249E-005	8,411897999063240E-005
1099		1,406832837558250E-004	8,411897999063250E-005
1100		1,120213206456919E-004	1,120213206456919E-004
1101		1,400527475127631E-004	1,120213206456920E-004
1102		6,006146694896004E-004	6,006146694896006E-004
1103		1,452576568290188E-004	6,006146694896004E-004
1104		1,401742206304338E-004	1,401742206304339E-004
1105		2,930180209877301E-004	1,401742206304340E-004
1106		1,498140393214416E-004	1,498140393214417E-004
1107		3,153376534499106E-004	1,498140393214416E-004
1108		2,266797285649391E-004	2,266797285649391E-004
1109		5,594481804159293E-004	2,266797285649392E-004
1110		4,356008079160975E-004	4,356008079160980E-004
1111		4,147643462511577E-004	4,356008079160977E-004
1112		7,683439568927117E-004	7,683439568927119E-004
1113		2,916050085629885E-004	7,683439568927114E-004
1114		5,028027934775575E-004	5,028027934775576E-004
1115		1,658353386150651E-004	5,028027934775579E-004
1116		1,105636155375923E-004	1,105636155375924E-004
1117		1,483837678996795E-004	1,105636155375925E-004
1118		4,500880358986181E-004	4,500880358986178E-004
1119		1,971845793905762E-004	4,500880358986176E-004
1120		3,998362483362216E-004	3,998362483362220E-004
1121		2,881488137467138E-004	3,998362483362223E-004
1122		3,040708187609319E-004	3,040708187609317E-004
1123		5,385109523576949E-004	3,040708187609317E-004
1124		3,021786026483149E-004	3,021786026483151E-004
1125		3,401547546215265E-004	3,021786026483150E-004
1126		3,787344562670762E-004	3,787344562670763E-004
1127		5,947232078776355E-004	3,787344562670760E-004
1128		3,700768143883715E-004	3,700768143883711E-004
1129		7,098295864279986E-004	3,700768143883711E-004
1130		5,818535118670678E-004	5,818535118670674E-004
1131		1,565987684730996E-003	5,818535118670682E-004
1132		2,605924849223314E-004	2,605924849223314E-004
1133		2,614961569071977E-004	2,605924849223314E-004
1134		1,720669906685225E-004	1,720669906685224E-004
1135		1,514454184297542E-004	1,720669906685224E-004
1136		4,935409755407307E-003	4,935409755407303E-003
1137		1,108604872212041E-003	4,935409755407304E-003
1138		3,210284115466728E-004	3,210284115466722E-004
1139		5,175014147074281E-004	3,210284115466727E-004
1140		4,533895548128775E-004	4,533895548128777E-004
1141		1,416521958106850E-003	4,533895548128778E-004
1142		8,791771030118531E-004	8,791771030118535E-004
1143		2,772509794575304E-004	8,791771030118531E-004
1144		8,007233126519253E-004	8,007233126519253E-004
1145		1,587430186692267E-003	8,007233126519249E-004
1146		1,895447216882800E-004	1,895447216882800E-004
1147		1,042839026824075E-004	1,895447216882798E-004
1148		8,486814232304738E-005	8,486814232304745E-005
1149		1,881060946061015E-004	8,486814232304739E-005
1150		2,405322999793213E-004	2,405322999793214E-004
1151		1,416615167603733E-003	2,405322999793214E-004
1152		2,919899067057037E-003	2,919899067057036E-003
1153		2,484757949601432E-004	2,919899067057035E-003
1154		3,823597370830496E-004	3,823597370830496E-004
1155		5,087597602196494E-004	3,823597370830494E-004
1156		2,587264272550942E-004	2,587264272550947E-004
1157		4,016646996094627E-004	2,587264272550950E-004
1158		2,231570098425888E-004	2,231570098425889E-004
1159		2,690702878286158E-004	2,231570098425890E-004
1160		3,466769036831428E-004	3,466769036831430E-004
1161		1,346475968923285E-004	3,466769036831429E-004
1162		4,646498071921173E-004	4,646498071921172E-004
1163		1,367254744596317E-003	4,646498071921169E-004
1164		8,896113560950977E-004	8,896113560950977E-004
1165		6,110575410280620E-004	8,896113560950977E-004
1166		7,690412812547835E-004	7,690412812547827E-004
1167		3,084181931447647E-004	7,690412812547831E-004
1168		3,337019562370248E-004	3,337019562370252E-004
1169		1,416724878123439E-004	3,337019562370251E-004
1170		3,597940888590186E-004	3,597940888590188E-004
1171		2,755430863763005E-004	3,597940888590186E-004
1172		2,281953977023699E-004	2,281953977023696E-004
1173		6,097564934918737E-003	2,281953977023695E-004
1174		6,449890070704358E-004	6,449890070704360E-004
1175		3,046590445764788E-004	6,449890070704363E-004
1176		1,589435105201129E-004	1,589435105201128E-004
1177		1,385325106502012E-004	1,589435105201127E-004
1178		2,085741100192550E-004	2,085741100192548E-004
1179		6,660004006394682E-004	2,085741100192550E-004
1180		1,670447313998353E-003	1,670447313998351E-003
1181		8,393355859792906E-004	1,670447313998353E-003
1182		5,085697600141927E-004	5,085697600141927E-004
1183		1,188813672016284E-004	5,085697600141919E-004
1184		3,514588129532184E-004	3,514588129532187E-004
1185		1,827590619200249E-004	3,514588129532186E-004
1186		1,690048923932401E-004	1,690048923932401E-004
1187		8,023240378847768E-005	1,690048923932402E-004
1188		3,164799150248009E-004	3,164799150248008E-004
1189		1,172467941104717E-004	3,164799150248010E-004
1190		1,365630123099842E-004	1,365630123099842E-004
1191		2,390342756108354E-004	1,365630123099842E-004
1192		2,898047450894702E-004	2,898047450894703E-004
1193		1,619573114258313E-004	2,898047450894703E-004
1194		1,246614560905988E-004	1,246614560905988E-004
1195		1,305849497278746E-003	1,246614560905989E-004
1196		2,739032268726011E-004	2,739032268726008E-004
1197		3,702913024374165E-004	2,739032268726010E-004
1198		5,596457706870988E-004	5,596457706870987E-004
1199		3,836237274103453E-004	5,596457706870982E-004
1200		1,450496338008869E-004	1,450496338008868E-004
1201		8,101294142163999E-005	1,450496338008868E-004
1202		1,808998684119363E-004	1,808998684119362E-004
1203		4,327104421232458E-004	1,808998684119363E-004
1204		1,184562583898808E-003	1,184562583898808E-003
1205		4,716497468862294E-004	1,184562583898807E-003
1206		1,594203547744230E-004	1,594203547744232E-004
1207		2,284045834377156E-004	1,594203547744231E-004
1208		2,890249522456524E-004	2,890249522456523E-004
1209		5,526811028895595E-004	2,890249522456519E-004
1210		1,605419735249641E-004	1,605419735249641E-004
1211		1,916797573087252E-004	1,605419735249641E-004
1212		1,153201944051900E-004	1,153201944051899E-004
1213		1,816503677423814E-004	1,153201944051899E-004
1214		1,728111826063692E-004	1,728111826063691E-004
1215		8,763011910220054E-005	1,728111826063692E-004
1216		1,022608943030620E-004	1,022608943030620E-004
1217		7,983354371776395E-005	1,022608943030619E-004
1218		6,164503101369989E-005	6,164503101369988E-005
1219		7,530967705782602E-005	6,164503101369989E-005
1220		8,991274129745256E-005	8,991274129745257E-005
1221		2,943545088769676E-004	8,991274129745257E-005
1222		2,097586802273483E-004	2,097586802273483E-004
1223		4,846775462246553E-004	2,097586802273483E-004
1224		5,792659914148983E-004	5,792659914148985E-004
1225		2,320701087607168E-004	5,792659914148981E-004
1226		4,428857384473199E-004	4,428857384473200E-004
1227		5,500474377915728E-004	4,428857384473200E-004
1228		6,558334060107683E-004	6,558334060107682E-004
1229		6,790874700403242E-004	6,558334060107678E-004
1230		3,506463979507338E-004	3,506463979507338E-004
1231		6,083575102673062E-004	3,506463979507335E-004
1232		1,883326554800594E-004	1,883326554800595E-004
1233		3,230710950216708E-004	1,883326554800593E-004
1234		4,094968553338200E-004	4,094968553338200E-004
1235		8,380919970518193E-005	4,094968553338201E-004
1236		5,348163448094213E-004	5,348163448094221E-004
1237		8,323856449033066E-005	5,348163448094220E-004
1238		7,910311628357376E-005	7,910311628357381E-005
1239		1,626759251682267E-004	7,910311628357381E-005
1240		7,280251968126452E-005	7,280251968126450E-005
1241		1,227681086131390E-004	7,280251968126452E-005
1242		1,857633315290143E-004	1,857633315290144E-004
1243		2,825611474069189E-004	1,857633315290144E-004
1244		2,348795019956251E-004	2,348795019956251E-004
1245		1,537263152375207E-004	2,348795019956248E-004
1246		2,143168987323540E-004	2,143168987323547E-004
1247		4,579531181083073E-004	2,143168987323546E-004
1248		1,127510534570293E-004	1,127510534570293E-004
1249		4,858393524895421E-005	1,127510534570294E-004
1250		1,242161009193597E-004	1,242161009193598E-004
1251		4,263434021779710E-005	1,242161009193597E-004
1252		1,423597235108446E-004	1,423597235108445E-004
1253		4,384993400751240E-005	1,423597235108444E-004
1254		3,994939568039861E-005	3,994939568039861E-005
1255		5,070407428921050E-005	3,994939568039862E-005
1256		2,790032289326484E-005	2,790032289326484E-005
1257		2,126762417758513E-005	2,790032289326484E-005
1258		2,427312961867217E-005	2,427312961867216E-005
1259		2,130022123168678E-005	2,427312961867214E-005
1260		3,134819616544412E-005	3,134819616544416E-005
1261		5,981744640126427E-005	3,134819616544418E-005
1262		7,667381338889389E-005	7,667381338889396E-005
1263		3,378785033970107E-004	7,667381338889403E-005
1264		2,713416135823463E-005	2,713416135823462E-005
1265		2,126879948315905E-005	2,713416135823460E-005
1266		2,424109509992597E-005	2,424109509992597E-005
1267		2,112950016016623E-005	2,424109509992598E-005
1268		1,807407345514730E-005	1,807407345514731E-005
1269		5,327773065842205E-005	1,807407345514730E-005
1270		6,334807420288015E-005	6,334807420288015E-005
1271		7,716821842135449E-005	6,334807420288013E-005
1272		1,975944939804220E-004	1,975944939804220E-004
1273		1,325813110437789E-004	1,975944939804222E-004
1274		3,406566960694985E-005	3,406566960694986E-005
1275		1,549987652113568E-005	3,406566960694984E-005
1276		1,536784068222326E-005	1,536784068222326E-005
1277		1,804909276161962E-005	1,536784068222326E-005
1278		1,803046207630269E-005	1,803046207630268E-005
1279		2,645125942367222E-005	1,803046207630269E-005
1280		3,021082067720032E-005	3,021082067720032E-005
1281		2,031637464564027E-005	3,021082067720031E-005
1282		2,056794073932946E-005	2,056794073932946E-005
1283		1,510922203507427E-005	2,056794073932944E-005
1284		1,870296855331798E-005	1,870296855331797E-005
1285		2,274780208960351E-005	1,870296855331798E-005
1286		3,977757607970908E-005	3,977757607970908E-005
1287		2,309108474209589E-004	3,977757607970908E-005
1288		4,221642526428418E-005	4,221642526428421E-005
1289		7,094710540555757E-005	4,221642526428422E-005
1290		4,050075229094829E-005	4,050075229094827E-005
1291		5,242428949610638E-005	4,050075229094830E-005
1292		9,461497395777725E-005	9,461497395777717E-005
1293		4,831619424722044E-004	9,461497395777719E-005
1294		2,052226352080634E-004	2,052226352080634E-004
1295		1,161134847582115E-004	2,052226352080635E-004
1296		1,895996818089540E-004	1,895996818089541E-004
1297		1,247503299694605E-004	1,895996818089540E-004
1298		2,600440463369766E-004	2,600440463369765E-004
1299		1,080674958640389E-004	2,600440463369766E-004
1300		1,424376412269657E-004	1,424376412269657E-004
1301		9,281417139747069E-005	1,424376412269658E-004
1302		4,215655868205269E-004	4,215655868205271E-004
1303		1,423311080350109E-004	4,215655868205273E-004
1304		1,744228118906852E-004	1,744228118906853E-004
1305		6,585141859730342E-005	1,744228118906853E-004
1306		8,275980626311131E-005	8,275980626311126E-005
1307		5,572566280924141E-005	8,275980626311137E-005
1308		8,370044109329953E-005	8,370044109329953E-005
1309		8,690307627401537E-005	8,370044109329957E-005
1310		3,922446973783498E-005	3,922446973783502E-005
1311		5,752728410398312E-005	3,922446973783500E-005
1312		5,192018551087883E-005	5,192018551087893E-005
1313		2,994491088781546E-005	5,192018551087888E-005
1314		3,763034963153543E-005	3,763034963153542E-005
1315		1,733695987623596E-005	3,763034963153543E-005
1316		1,830547761212149E-005	1,830547761212149E-005
1317		2,258990432749437E-005	1,830547761212149E-005
1318		3,369235862141416E-005	3,369235862141416E-005
1319		2,281422188111460E-005	3,369235862141414E-005
1320		2,517472412970174E-005	2,517472412970173E-005
1321		3,384542637715275E-005	2,517472412970172E-005
1322		3,834582590342266E-005	3,834582590342264E-005
1323		2,158070868124763E-005	3,834582590342266E-005
1324		1,746283445530532E-005	1,746283445530530E-005
1325		4,950230472834505E-005	1,746283445530530E-005
1326		2,553253330515957E-005	2,553253330515955E-005
1327		1,485832214599361E-005	2,553253330515957E-005
1328		1,443141776735928E-005	1,443141776735927E-005
1329		3,872314575732077E-005	1,443141776735927E-005
1330		2,429823231137576E-005	2,429823231137574E-005
1331		1,781977743756775E-005	2,429823231137579E-005
1332		1,109507275440559E-005	1,109507275440560E-005
1333		1,162560091094783E-005	1,109507275440560E-005
1334		2,301325018127867E-005	2,301325018127866E-005
1335		2,414594725895223E-005	2,301325018127866E-005
1336		2,545769073258034E-005	2,545769073258030E-005
1337		2,967391341734687E-005	2,545769073258033E-005
1338		1,125932141966738E-005	1,125932141966738E-005
1339		1,776822155909361E-005	1,125932141966737E-005
1340		9,971249578330548E-006	9,971249578330562E-006
End iteration: 1341 		 ||f - Ax^j|| / ||r^0||: 9,971249578308807E-06
