Method: COCG
SLAE Number: 2
Threads: 2
Smoothing: NoSmoothing
Total time: 61455 ms
Total iterations: 1319

End iteration: 1319 		 ||f - Ax^j|| / ||r^0||: 9,52721099637059E-06

Iteration	Residual		SmoothedResidual
---------	---------		---------------
1		7,755598375485222E-001	1,000000000000000E+000
2		2,874283918882075E-001	2,874283918882073E-001
3		4,438053320356916E-001	2,874283918882073E-001
4		2,856923262226277E-001	2,856923262226277E-001
5		4,843119217275283E-001	2,856923262226276E-001
6		5,695214167922129E-001	5,695214167922130E-001
7		2,171222695097569E-001	5,695214167922130E-001
8		6,577788736939755E-001	6,577788736939755E-001
9		2,812346751805218E-001	6,577788736939755E-001
10		2,237411983305048E-001	2,237411983305048E-001
11		2,987893807009285E-001	2,237411983305048E-001
12		1,588375520982191E-001	1,588375520982191E-001
13		1,956188261920338E-001	1,588375520982191E-001
14		3,065676364412972E+000	3,065676364412971E+000
15		2,216906379156030E-001	3,065676364412971E+000
16		1,386035076975984E-001	1,386035076975984E-001
17		2,859392464453841E-001	1,386035076975984E-001
18		2,157085738289691E-001	2,157085738289690E-001
19		9,877542008093745E-002	2,157085738289690E-001
20		3,350944906424860E-001	3,350944906424860E-001
21		6,526547658602751E-002	3,350944906424860E-001
22		2,234173654936787E-001	2,234173654936787E-001
23		3,567662607623906E-001	2,234173654936787E-001
24		2,713181560801522E-001	2,713181560801522E-001
25		6,541897057942621E-001	2,713181560801531E-001
26		2,785236622462605E-001	2,785236622462603E-001
27		3,387578160745421E-001	2,785236622462605E-001
28		2,550746704128492E-001	2,550746704128491E-001
29		2,192707946595484E-001	2,550746704128490E-001
30		3,005033136380749E-001	3,005033136380750E-001
31		1,691219417639778E-001	3,005033136380747E-001
32		4,872735218170949E-001	4,872735218170949E-001
33		3,052417844514853E-001	4,872735218170949E-001
34		3,725355528060154E-001	3,725355528060154E-001
35		4,638576200473035E-001	3,725355528060151E-001
36		1,218079809671380E-001	1,218079809671379E-001
37		5,176044961642003E-001	1,218079809671379E-001
38		2,157509045045251E-001	2,157509045045250E-001
39		3,124707647032306E-001	2,157509045045251E-001
40		3,333442020964471E-001	3,333442020964471E-001
41		5,864016451177486E-001	3,333442020964472E-001
42		4,188082094118427E-001	4,188082094118427E-001
43		6,800788757098736E-001	4,188082094118427E-001
44		3,010485086272589E+000	3,010485086272589E+000
45		5,303075722152535E+000	3,010485086272589E+000
46		2,479775827358229E-001	2,479775827358230E-001
47		1,248692114957430E-001	2,479775827358230E-001
48		1,195790053192887E-001	1,195790053192887E-001
49		1,296429185253919E-001	1,195790053192888E-001
50		1,539006584695208E-001	1,539006584695209E-001
51		1,745508822966023E-001	1,539006584695207E-001
52		2,357624822836822E-001	2,357624822836819E-001
53		1,130082245145760E-001	2,357624822836818E-001
54		1,097613263767270E-001	1,097613263767270E-001
55		1,274155681468730E-001	1,097613263767270E-001
56		1,365273920723271E-001	1,365273920723271E-001
57		9,899759734036868E-002	1,365273920723271E-001
58		1,758015651640296E-001	1,758015651640296E-001
59		2,147253442785956E-001	1,758015651640296E-001
60		1,031405624421271E-001	1,031405624421272E-001
61		3,919310268162239E-001	1,031405624421271E-001
62		1,799047839539153E-001	1,799047839539153E-001
63		8,907383573875473E-002	1,799047839539153E-001
64		1,973956333018129E-001	1,973956333018129E-001
65		1,567406977267376E-001	1,973956333018129E-001
66		6,763005674182733E-002	6,763005674182733E-002
67		6,533263733181961E-002	6,763005674182733E-002
68		1,831964096803986E-001	1,831964096803986E-001
69		4,294516344113593E-001	1,831964096803986E-001
70		9,285861078976301E-002	9,285861078976301E-002
71		7,821291687868685E-002	9,285861078976301E-002
72		8,491708874644593E-002	8,491708874644589E-002
73		4,481271859540593E-002	8,491708874644596E-002
74		1,641432249481266E-001	1,641432249481266E-001
75		2,785914953031650E-001	1,641432249481265E-001
76		3,738035480579709E-001	3,738035480579709E-001
77		7,479027511351861E-001	3,738035480579709E-001
78		2,211789196948821E-001	2,211789196948816E-001
79		4,320424852686297E-001	2,211789196948816E-001
80		3,393349635110987E-001	3,393349635110984E-001
81		2,616535480703017E-001	3,393349635110984E-001
82		1,545460872983289E-001	1,545460872983289E-001
83		1,524998853793209E-001	1,545460872983289E-001
84		2,541113358038602E-001	2,541113358038601E-001
85		6,233371250086286E-002	2,541113358038603E-001
86		2,441711050131562E-001	2,441711050131562E-001
87		1,522077803892082E-001	2,441711050131561E-001
88		3,049422709554875E-001	3,049422709554875E-001
89		1,635106359111028E-001	3,049422709554875E-001
90		1,369125322597818E-001	1,369125322597818E-001
91		3,506704683940189E-002	1,369125322597815E-001
92		3,934199850852150E-001	3,934199850852150E-001
93		2,141944818440450E-001	3,934199850852150E-001
94		1,787164813569652E-001	1,787164813569653E-001
95		5,251068292901034E-002	1,787164813569653E-001
96		1,258999495880457E-001	1,258999495880457E-001
97		1,150621536835827E-001	1,258999495880457E-001
98		2,004293536623027E-001	2,004293536623027E-001
99		1,779935734193033E-001	2,004293536623027E-001
100		5,912049522055297E-002	5,912049522055286E-002
101		7,299702217304628E-002	5,912049522055293E-002
102		6,047678705697628E-001	6,047678705697628E-001
103		1,280935022576424E-001	6,047678705697628E-001
104		1,387197226276266E-001	1,387197226276266E-001
105		1,015563931032363E-001	1,387197226276266E-001
106		1,656738462529670E-001	1,656738462529670E-001
107		1,159443980883141E-001	1,656738462529669E-001
108		8,981757119055167E-002	8,981757119055167E-002
109		2,286443079027225E-001	8,981757119055164E-002
110		1,391386715807241E-001	1,391386715807241E-001
111		1,806961766444012E-001	1,391386715807241E-001
112		3,153870132537028E-001	3,153870132537028E-001
113		3,371896634420360E-001	3,153870132537028E-001
114		5,422500217508838E-002	5,422500217508838E-002
115		3,196968894937288E-001	5,422500217508838E-002
116		4,423956023570637E-001	4,423956023570637E-001
117		3,750794889950654E-002	4,423956023570637E-001
118		4,611905657194471E-002	4,611905657194471E-002
119		4,674756442693563E-002	4,611905657194471E-002
120		2,542974468803684E-002	2,542974468803684E-002
121		1,543756857797977E-002	2,542974468803684E-002
122		3,973107428617265E-002	3,973107428617264E-002
123		4,450256713198219E-002	3,973107428617264E-002
124		3,297471017155697E-002	3,297471017155698E-002
125		5,879957383554540E-002	3,297471017155697E-002
126		9,184423060287533E-002	9,184423060287530E-002
127		7,407477163419433E-002	9,184423060287530E-002
128		2,968534371455358E-002	2,968534371455356E-002
129		1,127774636496142E-001	2,968534371455356E-002
130		1,649468681630241E-001	1,649468681630244E-001
131		1,119161616021165E-001	1,649468681630243E-001
132		6,594011700929223E-002	6,594011700929223E-002
133		3,295241936740576E-002	6,594011700929223E-002
134		8,065673270250096E-002	8,065673270250150E-002
135		4,340886711711475E-002	8,065673270250090E-002
136		2,758058576213536E-002	2,758058576213529E-002
137		5,894769501780563E-002	2,758058576213531E-002
138		2,716708363297025E-002	2,716708363297025E-002
139		2,077280195735045E-002	2,716708363297025E-002
140		3,683073157325602E-002	3,683073157325602E-002
141		1,461638184210421E-002	3,683073157325602E-002
142		1,137257560007751E-002	1,137257560007751E-002
143		4,385822730172248E-003	1,137257560007751E-002
144		4,848270528650924E-003	4,848270528650923E-003
145		4,527065927294367E-003	4,848270528650925E-003
146		6,220665727985427E-003	6,220665727985427E-003
147		7,487958504889181E-003	6,220665727985427E-003
148		1,070054589235979E-002	1,070054589235979E-002
149		2,752957472413005E-002	1,070054589235979E-002
150		1,550655483447459E-002	1,550655483447459E-002
151		9,603341788621732E-002	1,550655483447458E-002
152		1,295303576843330E-001	1,295303576843330E-001
153		4,921863060313275E-002	1,295303576843330E-001
154		3,464667856491772E-002	3,464667856491772E-002
155		9,438851527214541E-002	3,464667856491772E-002
156		2,950659356859122E-002	2,950659356859123E-002
157		1,902875437548255E-002	2,950659356859126E-002
158		2,174079295321778E-002	2,174079295321778E-002
159		1,637232553732167E-002	2,174079295321778E-002
160		1,280670642147999E-002	1,280670642148001E-002
161		8,075347801466246E-003	1,280670642148001E-002
162		4,089063648285317E-003	4,089063648285318E-003
163		1,736699771005369E-002	4,089063648285319E-003
164		9,992365032490756E-003	9,992365032490756E-003
165		1,116955550237674E-002	9,992365032490756E-003
166		3,601498471635493E-003	3,601498471635494E-003
167		5,380107411602538E-003	3,601498471635491E-003
168		5,589408184737413E-003	5,589408184737418E-003
169		8,732366995628748E-003	5,589408184737413E-003
170		1,884219541063590E-002	1,884219541063590E-002
171		7,390790619622933E-003	1,884219541063590E-002
172		1,166714237935542E-002	1,166714237935541E-002
173		9,046328416388845E-003	1,166714237935541E-002
174		4,729790528254298E-003	4,729790528254298E-003
175		6,361468932731652E-003	4,729790528254298E-003
176		5,567267936628808E-003	5,567267936628808E-003
177		2,920225114163148E-003	5,567267936628806E-003
178		4,020228202109657E-003	4,020228202109657E-003
179		7,538561641760638E-003	4,020228202109655E-003
180		7,630432831220417E-003	7,630432831220418E-003
181		1,272003372764108E-002	7,630432831220418E-003
182		1,158620001304029E-002	1,158620001304029E-002
183		1,029283776316771E-002	1,158620001304029E-002
184		2,469949938674001E-002	2,469949938674001E-002
185		1,453577960867324E-002	2,469949938674001E-002
186		1,200408400036209E-002	1,200408400036209E-002
187		3,084644228686478E-002	1,200408400036209E-002
188		1,228341782147855E-002	1,228341782147855E-002
189		1,671974806559279E-002	1,228341782147855E-002
190		7,538824713549695E-003	7,538824713549690E-003
191		6,943024695188634E-003	7,538824713549692E-003
192		3,039138632726050E-003	3,039138632726049E-003
193		5,800867951683701E-003	3,039138632726048E-003
194		5,284761264492271E-002	5,284761264492276E-002
195		1,318476332777417E-002	5,284761264492280E-002
196		5,154818119447515E-003	5,154818119447515E-003
197		1,093965699683309E-002	5,154818119447515E-003
198		2,368400803556058E-002	2,368400803556058E-002
199		2,481050268530102E-002	2,368400803556058E-002
200		7,900740917837080E-003	7,900740917837063E-003
201		5,021350464259042E-003	7,900740917837077E-003
202		1,014080328407731E-002	1,014080328407731E-002
203		1,121284621420397E-002	1,014080328407731E-002
204		2,099213040827665E-002	2,099213040827665E-002
205		2,588342005623876E-002	2,099213040827665E-002
206		2,113505790610319E-002	2,113505790610319E-002
207		1,163580524338978E-002	2,113505790610319E-002
208		7,468996238000857E-003	7,468996238000855E-003
209		8,976476031053629E-003	7,468996238000855E-003
210		7,220910763281010E-003	7,220910763281014E-003
211		8,563622229406221E-003	7,220910763281009E-003
212		6,070874165623795E-003	6,070874165623795E-003
213		3,734749214022923E-003	6,070874165623795E-003
214		2,724517816711870E-003	2,724517816711869E-003
215		3,144176452717422E-003	2,724517816711869E-003
216		2,788299887099624E-003	2,788299887099624E-003
217		3,570038185915998E-003	2,788299887099623E-003
218		5,160376653713081E-003	5,160376653713081E-003
219		1,012246920850231E-002	5,160376653713082E-003
220		9,441601851238584E-003	9,441601851238594E-003
221		5,499800320617160E-003	9,441601851238589E-003
222		1,623761072511511E-002	1,623761072511511E-002
223		6,138598335401941E-003	1,623761072511511E-002
224		4,865121622433698E-003	4,865121622433698E-003
225		3,923692704386523E-003	4,865121622433698E-003
226		4,527624351462770E-003	4,527624351462772E-003
227		5,189282959362143E-003	4,527624351462770E-003
228		4,413748810165021E-003	4,413748810165021E-003
229		2,968149402047452E-003	4,413748810165021E-003
230		7,402795279233447E-003	7,402795279233446E-003
231		2,768423144952382E-003	7,402795279233446E-003
232		7,487027018549265E-003	7,487027018549267E-003
233		5,299159523863005E-003	7,487027018549255E-003
234		1,056606004033710E-002	1,056606004033710E-002
235		4,501927749716157E-003	1,056606004033710E-002
236		5,259502051903254E-003	5,259502051903260E-003
237		2,489608380093824E-003	5,259502051903254E-003
238		4,530070155970184E-003	4,530070155970184E-003
239		2,948154951202940E-003	4,530070155970184E-003
240		2,928780282828434E-003	2,928780282828434E-003
241		4,800571455251769E-003	2,928780282828434E-003
242		3,404350988703460E-003	3,404350988703460E-003
243		4,139132448921654E-003	3,404350988703460E-003
244		4,359317069638214E-003	4,359317069638216E-003
245		6,312604398005810E-003	4,359317069638216E-003
246		1,466875615720286E-002	1,466875615720285E-002
247		8,117932787659857E-003	1,466875615720285E-002
248		1,762286632838957E-002	1,762286632838958E-002
249		2,317059774960796E-002	1,762286632838958E-002
250		3,943320609192599E-002	3,943320609192602E-002
251		1,868314973319916E-002	3,943320609192598E-002
252		2,328195063917573E-002	2,328195063917572E-002
253		2,254486755594004E-002	2,328195063917572E-002
254		9,824199779485426E-003	9,824199779485425E-003
255		1,476093886117317E-002	9,824199779485430E-003
256		1,550410593729458E-002	1,550410593729458E-002
257		9,758383066618383E-003	1,550410593729458E-002
258		5,266059193451783E-003	5,266059193451787E-003
259		1,433798980057322E-002	5,266059193451787E-003
260		3,166692361945513E-002	3,166692361945512E-002
261		2,538777123046944E-002	3,166692361945513E-002
262		3,741243148099587E-002	3,741243148099587E-002
263		1,320322661059125E-002	3,741243148099587E-002
264		9,652667270850828E-003	9,652667270850835E-003
265		2,288671984879363E-002	9,652667270850840E-003
266		2,691887164344726E-002	2,691887164344728E-002
267		1,162483177113530E-002	2,691887164344725E-002
268		2,224038553943495E-002	2,224038553943495E-002
269		1,975141598618651E-002	2,224038553943494E-002
270		3,675229934047019E-002	3,675229934047019E-002
271		4,399782428076848E-002	3,675229934047019E-002
272		3,076583822916482E-002	3,076583822916482E-002
273		8,206076523150260E-002	3,076583822916482E-002
274		3,653001442688784E-002	3,653001442688784E-002
275		3,544943875834287E-002	3,653001442688784E-002
276		3,004384620442661E-002	3,004384620442658E-002
277		2,222484200947412E-002	3,004384620442657E-002
278		1,013302145918406E-001	1,013302145918406E-001
279		1,199747204697014E-002	1,013302145918406E-001
280		1,002122778391332E-002	1,002122778391328E-002
281		1,192243383992156E-002	1,002122778391330E-002
282		2,710089144492245E-002	2,710089144492245E-002
283		3,507111673695233E-002	2,710089144492245E-002
284		1,507050191539414E-002	1,507050191539414E-002
285		1,431223978554746E-002	1,507050191539416E-002
286		9,903468798422495E-003	9,903468798422499E-003
287		6,800123656059288E-003	9,903468798422497E-003
288		8,133789662538691E-003	8,133789662538684E-003
289		1,199836175142881E-002	8,133789662538686E-003
290		2,269150743310253E-002	2,269150743310253E-002
291		8,440267082426222E-003	2,269150743310253E-002
292		8,011396746411143E-003	8,011396746411145E-003
293		6,204285297324523E-003	8,011396746411143E-003
294		1,645060980506881E-002	1,645060980506881E-002
295		1,322455280647652E-002	1,645060980506881E-002
296		5,688412048324589E-003	5,688412048324582E-003
297		1,533394217867882E-002	5,688412048324583E-003
298		7,882317901425594E-003	7,882317901425594E-003
299		1,596443462325190E-002	7,882317901425594E-003
300		1,290683965703001E-002	1,290683965703001E-002
301		7,519890052024104E-003	1,290683965703001E-002
302		8,615003709871545E-003	8,615003709871547E-003
303		1,035917836327546E-002	8,615003709871545E-003
304		1,478090047127109E-002	1,478090047127111E-002
305		4,043456420718518E-003	1,478090047127111E-002
306		5,679943727752918E-003	5,679943727752918E-003
307		1,524248082263121E-002	5,679943727752919E-003
308		1,016753747669921E-002	1,016753747669923E-002
309		4,738884566241784E-003	1,016753747669922E-002
310		1,465149888801825E-002	1,465149888801826E-002
311		5,184413272451593E-002	1,465149888801825E-002
312		5,084604387434729E-002	5,084604387434729E-002
313		7,976077062249575E-003	5,084604387434730E-002
314		4,488885282154122E-003	4,488885282154126E-003
315		4,733472668704229E-003	4,488885282154126E-003
316		4,812193548621406E-003	4,812193548621406E-003
317		6,909350080791875E-003	4,812193548621406E-003
318		6,683272475490836E-003	6,683272475490836E-003
319		2,160459681164326E-002	6,683272475490836E-003
320		6,879700266653075E-003	6,879700266653075E-003
321		4,891604475120142E-003	6,879700266653075E-003
322		9,487714029559656E-003	9,487714029559656E-003
323		2,245251909489751E-002	9,487714029559656E-003
324		1,580086390706621E-002	1,580086390706621E-002
325		1,891292755076935E-002	1,580086390706621E-002
326		2,187641085097260E-002	2,187641085097260E-002
327		3,151503066697821E-002	2,187641085097260E-002
328		1,033897459213207E-001	1,033897459213207E-001
329		1,588071686657595E-002	1,033897459213207E-001
330		1,280952341054149E-001	1,280952341054148E-001
331		6,123499857195948E-002	1,280952341054146E-001
332		7,500680154413811E-002	7,500680154413809E-002
333		1,928352561731303E-002	7,500680154413809E-002
334		8,311984415697306E-003	8,311984415697315E-003
335		9,071290867118198E-003	8,311984415697313E-003
336		1,598138722899752E-002	1,598138722899753E-002
337		2,432175172048984E-002	1,598138722899753E-002
338		1,367339561339937E-002	1,367339561339937E-002
339		1,828671964502179E-002	1,367339561339937E-002
340		6,234466229222396E-003	6,234466229222396E-003
341		1,184073298632596E-002	6,234466229222396E-003
342		3,224864951337551E-003	3,224864951337555E-003
343		6,314475228564628E-003	3,224864951337552E-003
344		1,330332759354831E-002	1,330332759354831E-002
345		3,323866470902188E-002	1,330332759354831E-002
346		7,007420464753217E-003	7,007420464753215E-003
347		8,583297598796735E-003	7,007420464753217E-003
348		1,949461644522586E-002	1,949461644522586E-002
349		1,702059817741764E-002	1,949461644522586E-002
350		6,464652789143131E-003	6,464652789143127E-003
351		1,303145691104402E-002	6,464652789143130E-003
352		2,011965156676454E-002	2,011965156676454E-002
353		4,632720586715277E-003	2,011965156676454E-002
354		3,886980647144866E-003	3,886980647144868E-003
355		4,477037007536073E-003	3,886980647144866E-003
356		3,336162631097393E-003	3,336162631097393E-003
357		6,369521837305120E-003	3,336162631097393E-003
358		9,926514170764848E-003	9,926514170764851E-003
359		5,944189412466202E-003	9,926514170764844E-003
360		3,000342263603367E-003	3,000342263603364E-003
361		1,532966377894383E-002	3,000342263603367E-003
362		1,426180816438549E-002	1,426180816438550E-002
363		8,045644402311002E-003	1,426180816438549E-002
364		6,242317800120613E-003	6,242317800120613E-003
365		2,829883135451166E-003	6,242317800120613E-003
366		2,504064973213741E-002	2,504064973213741E-002
367		3,043818075627258E-003	2,504064973213741E-002
368		7,744130846410889E-003	7,744130846410895E-003
369		5,464221604894133E-003	7,744130846410893E-003
370		3,973817574978521E-003	3,973817574978521E-003
371		5,222995583624407E-003	3,973817574978520E-003
372		2,666323994788422E-003	2,666323994788423E-003
373		9,337536833843503E-003	2,666323994788422E-003
374		2,136280375316647E-003	2,136280375316647E-003
375		2,329476298775439E-003	2,136280375316647E-003
376		4,282774478143335E-003	4,282774478143335E-003
377		6,833123789813072E-003	4,282774478143335E-003
378		1,301314614678802E-002	1,301314614678802E-002
379		9,032069761262211E-003	1,301314614678802E-002
380		1,748169593353734E-002	1,748169593353737E-002
381		1,327744173685295E-002	1,748169593353725E-002
382		7,943628089729421E-003	7,943628089729421E-003
383		6,822057873821292E-003	7,943628089729426E-003
384		6,183225793897797E-003	6,183225793897797E-003
385		6,311803328977432E-003	6,183225793897797E-003
386		1,967784303143935E-002	1,967784303143935E-002
387		5,825066847654750E-003	1,967784303143936E-002
388		1,012704324228829E-002	1,012704324228830E-002
389		1,171397627839789E-002	1,012704324228830E-002
390		1,228647235279823E-002	1,228647235279823E-002
391		3,962204698607075E-003	1,228647235279823E-002
392		2,600330979904768E-003	2,600330979904770E-003
393		6,378734714420428E-003	2,600330979904770E-003
394		3,355566612240672E-003	3,355566612240672E-003
395		3,450811661256418E-003	3,355566612240672E-003
396		4,636121540281805E-003	4,636121540281805E-003
397		3,094677183224886E-003	4,636121540281805E-003
398		1,300238667815940E-003	1,300238667815939E-003
399		5,903197147649219E-003	1,300238667815939E-003
400		1,058740736028388E-002	1,058740736028389E-002
401		1,802865959117928E-003	1,058740736028389E-002
402		1,702012019799998E-003	1,702012019799998E-003
403		1,297827122872659E-003	1,702012019799998E-003
404		2,358662986871670E-003	2,358662986871670E-003
405		2,043285600628730E-003	2,358662986871670E-003
406		1,916579244838839E-003	1,916579244838839E-003
407		2,647211470663838E-003	1,916579244838839E-003
408		1,994381916956390E-003	1,994381916956390E-003
409		1,552259079990272E-003	1,994381916956390E-003
410		2,227309222879393E-003	2,227309222879396E-003
411		1,936171282915207E-003	2,227309222879391E-003
412		2,186263190347458E-003	2,186263190347458E-003
413		2,010639536113261E-003	2,186263190347458E-003
414		2,815695156842594E-003	2,815695156842594E-003
415		1,720930050123552E-003	2,815695156842594E-003
416		1,210731526253420E-003	1,210731526253421E-003
417		9,449596302059727E-004	1,210731526253422E-003
418		2,771930902048802E-003	2,771930902048802E-003
419		7,228899910121662E-003	2,771930902048802E-003
420		2,251203622250687E-003	2,251203622250687E-003
421		1,550029316543840E-003	2,251203622250687E-003
422		6,166168031529466E-003	6,166168031529466E-003
423		8,388968148842183E-004	6,166168031529466E-003
424		1,138482502886515E-003	1,138482502886515E-003
425		5,268604663063422E-004	1,138482502886515E-003
426		1,454497994788266E-003	1,454497994788265E-003
427		1,016537013475978E-003	1,454497994788265E-003
428		2,337901631205463E-003	2,337901631205464E-003
429		8,223121893587506E-004	2,337901631205462E-003
430		2,720598207925164E-003	2,720598207925164E-003
431		1,821839160308928E-003	2,720598207925164E-003
432		2,322748008318604E-003	2,322748008318604E-003
433		3,928747066134299E-003	2,322748008318604E-003
434		4,104198826375183E-003	4,104198826375182E-003
435		3,221598177426002E-003	4,104198826375182E-003
436		7,209949555241314E-003	7,209949555241311E-003
437		2,267723918946255E-002	7,209949555241309E-003
438		2,203963017306961E-003	2,203963017306961E-003
439		2,912191585541399E-003	2,203963017306961E-003
440		2,791746158089154E-003	2,791746158089153E-003
441		2,218652421929845E-003	2,791746158089154E-003
442		1,018109271471270E-002	1,018109271471270E-002
443		1,367437826203552E-002	1,018109271471270E-002
444		4,441139747968986E-003	4,441139747968986E-003
445		7,077855640035735E-003	4,441139747968986E-003
446		6,754449520141712E-003	6,754449520141711E-003
447		3,269296394675377E-002	6,754449520141716E-003
448		4,944342462296693E-003	4,944342462296690E-003
449		1,399410347553343E-002	4,944342462296688E-003
450		3,936645815334929E-003	3,936645815334928E-003
451		4,000132321662047E-003	3,936645815334928E-003
452		1,350540353160633E-002	1,350540353160633E-002
453		9,512773785282683E-003	1,350540353160633E-002
454		4,720486575637662E-003	4,720486575637664E-003
455		2,313488272750951E-003	4,720486575637658E-003
456		5,810785446425035E-003	5,810785446425035E-003
457		8,898624120875316E-003	5,810785446425035E-003
458		6,297398620903073E-003	6,297398620903073E-003
459		2,830704461850205E-003	6,297398620903073E-003
460		8,119276760766929E-003	8,119276760766929E-003
461		4,810004928700500E-003	8,119276760766929E-003
462		2,718624323647210E-003	2,718624323647210E-003
463		1,420647324164554E-003	2,718624323647212E-003
464		1,588077976749485E-003	1,588077976749483E-003
465		1,747606010864634E-003	1,588077976749486E-003
466		1,863322480884492E-003	1,863322480884490E-003
467		1,435056682928457E-003	1,863322480884490E-003
468		1,059591512262152E-002	1,059591512262152E-002
469		1,902956589139129E-003	1,059591512262158E-002
470		1,838941214616836E-002	1,838941214616840E-002
471		1,477733788088348E-003	1,838941214616840E-002
472		1,842165904951904E-003	1,842165904951903E-003
473		2,303505863711473E-003	1,842165904951904E-003
474		4,743847032411755E-003	4,743847032411755E-003
475		2,122886339566827E-003	4,743847032411755E-003
476		2,132733461455738E-003	2,132733461455739E-003
477		4,989327122241548E-003	2,132733461455739E-003
478		4,836044116283670E-003	4,836044116283670E-003
479		1,396476381074068E-003	4,836044116283670E-003
480		4,001065646146119E-003	4,001065646146119E-003
481		4,792215202438480E-003	4,001065646146119E-003
482		3,202559527788227E-003	3,202559527788227E-003
483		1,776870157726935E-003	3,202559527788227E-003
484		2,040614469292258E-003	2,040614469292258E-003
485		7,696339475995671E-004	2,040614469292258E-003
486		6,979133700340524E-004	6,979133700340523E-004
487		6,827699221354896E-004	6,979133700340524E-004
488		7,978955254290412E-004	7,978955254290416E-004
489		1,664488960918501E-003	7,978955254290413E-004
490		1,168360524237159E-003	1,168360524237159E-003
491		9,315517655100170E-004	1,168360524237159E-003
492		1,112173107343932E-003	1,112173107343933E-003
493		3,236085232625133E-003	1,112173107343933E-003
494		9,372416867597050E-004	9,372416867597049E-004
495		1,120351642397342E-003	9,372416867597051E-004
496		2,715501503010052E-003	2,715501503010050E-003
497		8,645075320841628E-004	2,715501503010050E-003
498		8,541874320353837E-004	8,541874320353837E-004
499		4,979450160960854E-003	8,541874320353832E-004
500		2,790042643208672E-003	2,790042643208675E-003
501		5,407663669281526E-003	2,790042643208675E-003
502		1,584081312666056E-003	1,584081312666055E-003
503		1,595361169163115E-003	1,584081312666055E-003
504		2,672753478481840E-003	2,672753478481841E-003
505		2,157282510001437E-003	2,672753478481840E-003
506		4,670956288829618E-002	4,670956288829618E-002
507		4,261679053290915E-003	4,670956288829618E-002
508		4,580103063174237E-003	4,580103063174234E-003
509		4,485788371121741E-003	4,580103063174234E-003
510		5,044214889063333E-003	5,044214889063334E-003
511		1,692917564098906E-001	5,044214889063336E-003
512		4,424344084929257E-003	4,424344084929257E-003
513		2,269897163647390E-003	4,424344084929257E-003
514		1,863154319132120E-003	1,863154319132120E-003
515		2,576832010772820E-003	1,863154319132119E-003
516		5,734095299078630E-003	5,734095299078628E-003
517		2,305342742607953E-003	5,734095299078630E-003
518		1,694284992049428E-003	1,694284992049428E-003
519		1,690708193440713E-003	1,694284992049428E-003
520		1,479915641375261E-003	1,479915641375258E-003
521		2,016389314127721E-003	1,479915641375258E-003
522		4,221556311409397E-003	4,221556311409399E-003
523		1,669287438142583E-003	4,221556311409399E-003
524		1,658210054236899E-003	1,658210054236903E-003
525		2,044887998937229E-003	1,658210054236903E-003
526		1,485236907275604E-003	1,485236907275601E-003
527		6,543537877184611E-004	1,485236907275603E-003
528		7,756728793133414E-004	7,756728793133414E-004
529		1,350522743870939E-003	7,756728793133414E-004
530		1,969193824893164E-003	1,969193824893164E-003
531		1,068569612752816E-003	1,969193824893163E-003
532		5,979200782090418E-003	5,979200782090418E-003
533		1,882885090996004E-003	5,979200782090418E-003
534		1,913793107898764E-002	1,913793107898762E-002
535		2,169325153606540E-003	1,913793107898762E-002
536		3,308349628871546E-003	3,308349628871546E-003
537		6,459346998766230E-003	3,308349628871546E-003
538		2,110112724353036E-003	2,110112724353036E-003
539		3,612279696531171E-003	2,110112724353035E-003
540		1,868992187910288E-003	1,868992187910287E-003
541		1,862689422056904E-003	1,868992187910287E-003
542		1,228813377382933E-003	1,228813377382934E-003
543		1,555383212243405E-003	1,228813377382934E-003
544		1,346532575969445E-003	1,346532575969445E-003
545		9,307536486749837E-004	1,346532575969444E-003
546		1,686648115531526E-003	1,686648115531526E-003
547		1,080701195630146E-003	1,686648115531525E-003
548		5,986698630159135E-004	5,986698630159134E-004
549		6,727229967258531E-004	5,986698630159136E-004
550		4,346510583253508E-004	4,346510583253507E-004
551		9,044390822499402E-004	4,346510583253509E-004
552		4,103877814102404E-003	4,103877814102403E-003
553		1,344222783060471E-003	4,103877814102403E-003
554		6,816146059654982E-004	6,816146059654980E-004
555		3,282877834583502E-004	6,816146059654976E-004
556		2,588687745727552E-004	2,588687745727552E-004
557		5,056214454641239E-004	2,588687745727550E-004
558		9,109290565815701E-003	9,109290565815680E-003
559		1,118692486389459E-003	9,109290565815701E-003
560		2,753547304227825E-003	2,753547304227825E-003
561		4,321473941615576E-003	2,753547304227823E-003
562		3,480244424347520E-003	3,480244424347523E-003
563		1,224277571518571E-003	3,480244424347523E-003
564		1,036074323549553E-003	1,036074323549552E-003
565		9,828586946891552E-004	1,036074323549552E-003
566		1,758591459573425E-003	1,758591459573425E-003
567		3,463426446181435E-004	1,758591459573425E-003
568		4,247910053629437E-004	4,247910053629442E-004
569		2,191290058262874E-003	4,247910053629442E-004
570		2,470653194833958E-003	2,470653194833958E-003
571		3,659127376942851E-004	2,470653194833958E-003
572		1,640581873194532E-003	1,640581873194532E-003
573		1,980097451283365E-003	1,640581873194532E-003
574		4,351309157276748E-004	4,351309157276747E-004
575		2,096429493036185E-004	4,351309157276747E-004
576		2,990968418427547E-003	2,990968418427548E-003
577		1,289644486025325E-003	2,990968418427549E-003
578		7,488250591631360E-004	7,488250591631360E-004
579		7,531086891074828E-004	7,488250591631360E-004
580		3,184174092739988E-004	3,184174092739990E-004
581		4,946027901012793E-004	3,184174092739989E-004
582		2,596865429230696E-004	2,596865429230696E-004
583		3,510486177393131E-004	2,596865429230696E-004
584		2,223545974149863E-004	2,223545974149860E-004
585		2,078844245566887E-004	2,223545974149862E-004
586		1,488168645516918E-004	1,488168645516918E-004
587		1,578207534955262E-004	1,488168645516918E-004
588		1,993977284535051E-004	1,993977284535051E-004
589		1,742762281034541E-004	1,993977284535051E-004
590		5,764623161710726E-004	5,764623161710732E-004
591		4,287498157772231E-004	5,764623161710727E-004
592		5,777383337244967E-004	5,777383337244967E-004
593		2,499322633205861E-004	5,777383337244967E-004
594		2,819887791340719E-004	2,819887791340715E-004
595		5,454315035836021E-004	2,819887791340717E-004
596		2,443261934758838E-004	2,443261934758838E-004
597		3,039678745981545E-004	2,443261934758836E-004
598		1,551706001342812E-004	1,551706001342812E-004
599		2,112988501419309E-004	1,551706001342812E-004
600		2,745374575644593E-004	2,745374575644593E-004
601		1,961157808539413E-004	2,745374575644593E-004
602		2,804072058475247E-004	2,804072058475249E-004
603		4,916433067953180E-004	2,804072058475250E-004
604		1,503046753450332E-004	1,503046753450332E-004
605		2,594268545756249E-004	1,503046753450332E-004
606		1,177736060509408E-004	1,177736060509406E-004
607		9,668061826815968E-005	1,177736060509406E-004
608		9,834647742846542E-005	9,834647742846548E-005
609		1,401103785258041E-004	9,834647742846542E-005
610		2,328917517326164E-004	2,328917517326165E-004
611		4,780133728528892E-004	2,328917517326165E-004
612		2,678967616914520E-004	2,678967616914517E-004
613		3,772062664397766E-004	2,678967616914518E-004
614		2,455080976871411E-004	2,455080976871412E-004
615		2,773317980204629E-004	2,455080976871412E-004
616		5,749542897746409E-004	5,749542897746409E-004
617		3,063702203502528E-004	5,749542897746409E-004
618		4,965718559967161E-004	4,965718559967161E-004
619		3,079094635728361E-004	4,965718559967161E-004
620		4,536004906288392E-004	4,536004906288398E-004
621		5,988689170147594E-004	4,536004906288398E-004
622		4,803374171664253E-004	4,803374171664259E-004
623		3,777523724632296E-004	4,803374171664252E-004
624		1,410497867239782E-003	1,410497867239781E-003
625		1,381319028058833E-003	1,410497867239781E-003
626		6,824666011612252E-004	6,824666011612252E-004
627		1,511573525615206E-003	6,824666011612252E-004
628		7,668855897313904E-004	7,668855897313904E-004
629		1,578439878008799E-003	7,668855897313904E-004
630		4,748535371645393E-004	4,748535371645393E-004
631		5,570585462664505E-004	4,748535371645395E-004
632		3,597939275779710E-004	3,597939275779710E-004
633		6,600990431978540E-004	3,597939275779710E-004
634		5,365659897354935E-004	5,365659897354935E-004
635		5,324690692583076E-004	5,365659897354935E-004
636		1,151441226475349E-003	1,151441226475349E-003
637		2,851272935299983E-004	1,151441226475349E-003
638		1,352640011918473E-003	1,352640011918479E-003
639		8,333366095536112E-004	1,352640011918469E-003
640		1,432751140252091E-003	1,432751140252091E-003
641		1,203633997828987E-003	1,432751140252091E-003
642		8,317906623402609E-004	8,317906623402609E-004
643		8,509527115420184E-004	8,317906623402610E-004
644		9,010091751733491E-004	9,010091751733487E-004
645		7,559890758448431E-004	9,010091751733483E-004
646		2,087637711699032E-003	2,087637711699032E-003
647		9,322082310643281E-004	2,087637711699032E-003
648		1,076000996440254E-003	1,076000996440254E-003
649		5,124924077565828E-003	1,076000996440253E-003
650		8,013966007627344E-004	8,013966007627344E-004
651		5,852157004423627E-004	8,013966007627344E-004
652		9,680720003776514E-004	9,680720003776514E-004
653		9,991308724050366E-004	9,680720003776514E-004
654		8,801837863755400E-004	8,801837863755400E-004
655		1,252456674777705E-002	8,801837863755400E-004
656		1,428065222574052E-003	1,428065222574052E-003
657		8,877149046155595E-004	1,428065222574052E-003
658		7,419962664671835E-004	7,419962664671831E-004
659		1,249736726876481E-003	7,419962664671835E-004
660		2,696600691136679E-003	2,696600691136679E-003
661		1,085791909906535E-003	2,696600691136679E-003
662		1,952474155327838E-003	1,952474155327833E-003
663		2,703630505869137E-003	1,952474155327836E-003
664		9,314507870455800E-004	9,314507870455798E-004
665		1,270106309412866E-003	9,314507870455798E-004
666		6,446143296481037E-004	6,446143296481038E-004
667		4,362086368412688E-004	6,446143296481037E-004
668		5,244281603103108E-004	5,244281603103110E-004
669		4,675649940042653E-004	5,244281603103109E-004
670		7,595364441829967E-004	7,595364441829967E-004
671		9,304992016634784E-004	7,595364441829967E-004
672		8,710455669133263E-004	8,710455669133263E-004
673		9,390053651583375E-004	8,710455669133263E-004
674		6,409935679718507E-004	6,409935679718507E-004
675		7,375542469307373E-004	6,409935679718507E-004
676		5,966796889228073E-004	5,966796889228073E-004
677		4,833872275270766E-004	5,966796889228073E-004
678		2,657276568274324E-004	2,657276568274328E-004
679		2,421736320935254E-004	2,657276568274328E-004
680		8,341665031978546E-004	8,341665031978546E-004
681		5,876576556592719E-004	8,341665031978546E-004
682		4,040878861011325E-004	4,040878861011325E-004
683		3,105971878961750E-004	4,040878861011325E-004
684		5,486049805742217E-004	5,486049805742217E-004
685		1,457607858344813E-003	5,486049805742217E-004
686		2,328241210105755E-003	2,328241210105755E-003
687		1,611921168041300E-003	2,328241210105755E-003
688		8,124710052859847E-004	8,124710052859847E-004
689		6,592716671870488E-004	8,124710052859847E-004
690		6,110755643332614E-004	6,110755643332620E-004
691		5,988756366081242E-004	6,110755643332613E-004
692		1,506656346844611E-003	1,506656346844611E-003
693		4,447735412277003E-004	1,506656346844611E-003
694		2,469699597849594E-004	2,469699597849594E-004
695		2,850649439690691E-004	2,469699597849594E-004
696		2,318836299698343E-004	2,318836299698341E-004
697		1,953000784128314E-004	2,318836299698343E-004
698		3,676218199340399E-004	3,676218199340399E-004
699		2,120800365049284E-004	3,676218199340399E-004
700		2,576811044209455E-004	2,576811044209455E-004
701		1,389020324401763E-004	2,576811044209455E-004
702		1,458180002150399E-004	1,458180002150399E-004
703		2,262346439855789E-004	1,458180002150399E-004
704		1,801157852731916E-004	1,801157852731916E-004
705		1,469388460958768E-004	1,801157852731916E-004
706		2,095379489302152E-004	2,095379489302152E-004
707		3,419890706570743E-004	2,095379489302152E-004
708		9,979506628581838E-004	9,979506628581838E-004
709		7,498817112723856E-004	9,979506628581840E-004
710		4,066089988620138E-004	4,066089988620138E-004
711		2,668851929798662E-003	4,066089988620138E-004
712		7,097373440387492E-004	7,097373440387489E-004
713		1,156287486411038E-003	7,097373440387492E-004
714		1,403396425246995E-003	1,403396425246995E-003
715		9,443797613908942E-004	1,403396425246999E-003
716		1,005413248177577E-002	1,005413248177577E-002
717		1,015146983676175E-003	1,005413248177576E-002
718		9,595507674541867E-004	9,595507674541871E-004
719		1,510529004933281E-003	9,595507674541867E-004
720		1,817801822912399E-003	1,817801822912399E-003
721		1,198734313891531E-003	1,817801822912399E-003
722		1,581652240099336E-003	1,581652240099336E-003
723		1,960829069088908E-003	1,581652240099336E-003
724		5,050785550126182E-004	5,050785550126183E-004
725		7,337210853008627E-004	5,050785550126178E-004
726		1,925670227767548E-003	1,925670227767549E-003
727		8,506500266640591E-004	1,925670227767547E-003
728		5,520730100580469E-004	5,520730100580469E-004
729		5,228110932946225E-004	5,520730100580469E-004
730		8,026869398315481E-004	8,026869398315481E-004
731		1,026951109210983E-003	8,026869398315481E-004
732		3,879849488051737E-003	3,879849488051736E-003
733		8,713803047847395E-004	3,879849488051736E-003
734		2,448312151030140E-003	2,448312151030139E-003
735		1,450043972823924E-003	2,448312151030139E-003
736		3,160554286232777E-003	3,160554286232777E-003
737		5,822114417529401E-004	3,160554286232777E-003
738		4,735094529085941E-004	4,735094529085941E-004
739		3,848977454694860E-004	4,735094529085941E-004
740		5,977850908307096E-004	5,977850908307094E-004
741		7,452138702831642E-004	5,977850908307095E-004
742		1,230605634722146E-003	1,230605634722145E-003
743		6,868119157492298E-004	1,230605634722144E-003
744		3,565683856161548E-003	3,565683856161541E-003
745		9,201242858652678E-004	3,565683856161544E-003
746		5,653779154806370E-004	5,653779154806370E-004
747		6,932178169602500E-004	5,653779154806370E-004
748		6,213357630495553E-004	6,213357630495553E-004
749		4,361133839425522E-004	6,213357630495553E-004
750		6,912716344790115E-004	6,912716344790115E-004
751		3,028976070825257E-003	6,912716344790115E-004
752		9,551281582679869E-004	9,551281582679874E-004
753		7,171309224816445E-004	9,551281582679869E-004
754		8,216603593673123E-004	8,216603593673123E-004
755		9,196357064130195E-004	8,216603593673123E-004
756		1,043119702546198E-003	1,043119702546198E-003
757		1,283141875769447E-002	1,043119702546198E-003
758		3,894176836782985E-003	3,894176836782985E-003
759		3,985709828336278E-003	3,894176836782985E-003
760		1,819913009998340E-003	1,819913009998339E-003
761		1,597094190269979E-003	1,819913009998339E-003
762		6,155123015051453E-004	6,155123015051444E-004
763		1,105368898719641E-003	6,155123015051447E-004
764		8,299932836015501E-004	8,299932836015506E-004
765		7,614418707663083E-004	8,299932836015509E-004
766		9,199897432254580E-004	9,199897432254575E-004
767		2,083591909550956E-003	9,199897432254576E-004
768		1,572950869521807E-003	1,572950869521807E-003
769		8,064267014482979E-004	1,572950869521807E-003
770		9,786806220571339E-004	9,786806220571335E-004
771		1,212416936886456E-003	9,786806220571335E-004
772		7,670105578323766E-004	7,670105578323770E-004
773		6,559066906495992E-004	7,670105578323768E-004
774		7,677349644969109E-004	7,677349644969100E-004
775		1,004371852942869E-003	7,677349644969103E-004
776		9,691046037040436E-004	9,691046037040440E-004
777		1,548748807004638E-003	9,691046037040439E-004
778		1,890175733429872E-003	1,890175733429874E-003
779		8,354982571326895E-004	1,890175733429873E-003
780		1,100196155752982E-003	1,100196155752982E-003
781		2,572899773174221E-002	1,100196155752982E-003
782		1,894661762681960E-003	1,894661762681961E-003
783		3,727144983969302E-003	1,894661762681959E-003
784		6,470593034357161E-003	6,470593034357161E-003
785		1,829347925876815E-003	6,470593034357161E-003
786		1,226483471703849E-002	1,226483471703849E-002
787		7,682434312819473E-004	1,226483471703849E-002
788		6,900199050672434E-004	6,900199050672434E-004
789		7,380594813296280E-004	6,900199050672434E-004
790		1,717613663495566E-003	1,717613663495567E-003
791		1,288107495448664E-003	1,717613663495567E-003
792		1,709384400205293E-003	1,709384400205293E-003
793		7,139865610940255E-004	1,709384400205293E-003
794		2,977767430219887E-004	2,977767430219887E-004
795		6,084867372084760E-004	2,977767430219887E-004
796		1,506713791676427E-004	1,506713791676427E-004
797		1,883234392997574E-004	1,506713791676427E-004
798		1,664172209267272E-004	1,664172209267277E-004
799		2,464251070146265E-004	1,664172209267272E-004
800		2,633786177422246E-004	2,633786177422246E-004
801		2,820549227081071E-004	2,633786177422246E-004
802		2,189414199777974E-004	2,189414199777975E-004
803		4,088907757011743E-004	2,189414199777974E-004
804		9,534438474595667E-004	9,534438474595671E-004
805		6,199630398062528E-004	9,534438474595663E-004
806		1,512049393063062E-003	1,512049393063062E-003
807		1,171713727210758E-003	1,512049393063062E-003
808		1,517035203615556E-003	1,517035203615556E-003
809		4,102170877977859E-004	1,517035203615556E-003
810		4,185819325318110E-003	4,185819325318110E-003
811		7,592622050617234E-004	4,185819325318110E-003
812		9,552769588519054E-004	9,552769588519054E-004
813		6,299464511919076E-004	9,552769588519053E-004
814		2,615117801039148E-003	2,615117801039149E-003
815		1,379443944481810E-003	2,615117801039148E-003
816		1,017100545127759E-003	1,017100545127760E-003
817		1,976422734695049E-003	1,017100545127760E-003
818		7,012850583163221E-004	7,012850583163224E-004
819		5,023979094938554E-004	7,012850583163220E-004
820		7,216163356861475E-004	7,216163356861478E-004
821		9,102513395438435E-004	7,216163356861479E-004
822		9,866127052405567E-004	9,866127052405576E-004
823		2,963169133121038E-003	9,866127052405565E-004
824		1,651148167715999E-003	1,651148167716000E-003
825		8,464757785004936E-004	1,651148167716000E-003
826		1,699700551483616E-003	1,699700551483615E-003
827		1,019567880705371E-003	1,699700551483616E-003
828		1,291656005537857E-003	1,291656005537857E-003
829		6,694347975554374E-004	1,291656005537857E-003
830		8,419955230597791E-004	8,419955230597791E-004
831		4,219017130425781E-004	8,419955230597791E-004
832		7,039696612251915E-004	7,039696612251932E-004
833		5,949057144392316E-004	7,039696612251915E-004
834		3,626310606810175E-004	3,626310606810174E-004
835		3,429374133330098E-004	3,626310606810174E-004
836		8,231711413814447E-004	8,231711413814441E-004
837		6,287805036404015E-004	8,231711413814438E-004
838		3,951015173463070E-004	3,951015173463070E-004
839		4,916359567826840E-004	3,951015173463070E-004
840		5,224165761427056E-004	5,224165761427067E-004
841		1,115896265051235E-003	5,224165761427066E-004
842		1,062744108411932E-003	1,062744108411931E-003
843		3,850956541271664E-003	1,062744108411931E-003
844		1,092149359729267E-003	1,092149359729267E-003
845		2,255988217504219E-003	1,092149359729267E-003
846		1,719965871523221E-003	1,719965871523216E-003
847		1,796521613347942E-003	1,719965871523216E-003
848		1,974078578780771E-003	1,974078578780771E-003
849		2,865550682764112E-004	1,974078578780771E-003
850		4,726076979309614E-004	4,726076979309614E-004
851		2,715967445347463E-004	4,726076979309614E-004
852		4,319450163829027E-004	4,319450163829027E-004
853		1,444351073377884E-003	4,319450163829027E-004
854		1,776419438575374E-003	1,776419438575374E-003
855		4,051987294925349E-003	1,776419438575374E-003
856		4,278624165503817E-003	4,278624165503817E-003
857		2,049380958052138E-003	4,278624165503817E-003
858		6,308526569402089E-003	6,308526569402090E-003
859		1,550792072581281E-003	6,308526569402099E-003
860		1,698308302243630E-003	1,698308302243623E-003
861		8,669825238085636E-004	1,698308302243628E-003
862		1,405101880069820E-003	1,405101880069819E-003
863		2,444471277422091E-004	1,405101880069820E-003
864		1,109947452840921E-003	1,109947452840921E-003
865		2,400049222946142E-003	1,109947452840921E-003
866		6,649309758949451E-004	6,649309758949455E-004
867		1,297564321638352E-003	6,649309758949454E-004
868		3,376947490554525E-004	3,376947490554526E-004
869		2,950777568141327E-004	3,376947490554525E-004
870		2,805731554002169E-004	2,805731554002169E-004
871		1,941638604141786E-004	2,805731554002169E-004
872		2,874607925324796E-004	2,874607925324796E-004
873		3,057991448751256E-004	2,874607925324796E-004
874		4,052969656992204E-004	4,052969656992204E-004
875		2,234322689254706E-004	4,052969656992204E-004
876		2,221289219082130E-004	2,221289219082131E-004
877		9,317308975539513E-005	2,221289219082129E-004
878		8,268802821082284E-005	8,268802821082280E-005
879		9,123786733053986E-005	8,268802821082273E-005
880		2,180704682344241E-004	2,180704682344237E-004
881		2,157211654948199E-004	2,180704682344237E-004
882		6,252188340630948E-005	6,252188340630952E-005
883		6,279500405149396E-004	6,252188340630954E-005
884		2,605120390061486E-004	2,605120390061486E-004
885		7,668174560678140E-005	2,605120390061486E-004
886		1,004696854753176E-004	1,004696854753176E-004
887		5,196924379193387E-004	1,004696854753176E-004
888		1,527678339959076E-004	1,527678339959076E-004
889		1,147815724723219E-004	1,527678339959076E-004
890		8,251306427904132E-005	8,251306427904148E-005
891		1,000870798076334E-004	8,251306427904141E-005
892		2,210547561228991E-004	2,210547561228993E-004
893		1,582081540482402E-004	2,210547561228991E-004
894		1,093453918710793E-004	1,093453918710792E-004
895		1,524610782451147E-004	1,093453918710792E-004
896		6,187562876443176E-005	6,187562876443177E-005
897		5,376355722285325E-005	6,187562876443174E-005
898		8,979029327207162E-005	8,979029327207160E-005
899		2,034877301014787E-004	8,979029327207160E-005
900		1,364781690926617E-004	1,364781690926617E-004
901		8,271561084017098E-005	1,364781690926617E-004
902		1,897014110542769E-004	1,897014110542770E-004
903		4,802610950377825E-004	1,897014110542770E-004
904		1,258721059087936E-004	1,258721059087936E-004
905		2,148873036657264E-004	1,258721059087936E-004
906		1,469547492404879E-004	1,469547492404879E-004
907		8,054507715491196E-005	1,469547492404879E-004
908		7,193604851309201E-005	7,193604851309190E-005
909		1,492517030092106E-004	7,193604851309182E-005
910		4,752238695760920E-004	4,752238695760919E-004
911		4,161867827509649E-004	4,752238695760921E-004
912		6,682053988864023E-004	6,682053988864018E-004
913		1,152531293821589E-003	6,682053988864019E-004
914		4,622123614155047E-004	4,622123614155047E-004
915		5,013103588485944E-004	4,622123614155042E-004
916		1,437108571220800E-003	1,437108571220799E-003
917		2,470591728027016E-004	1,437108571220795E-003
918		1,093229301610190E-004	1,093229301610189E-004
919		1,357728659473018E-003	1,093229301610190E-004
920		1,268915773447524E-003	1,268915773447524E-003
921		2,137687195972264E-004	1,268915773447525E-003
922		1,984630501862262E-004	1,984630501862262E-004
923		2,812022707089377E-004	1,984630501862262E-004
924		1,163379230605231E-004	1,163379230605230E-004
925		3,933094623565692E-004	1,163379230605230E-004
926		2,965641016936998E-004	2,965641016936997E-004
927		3,094138626233030E-004	2,965641016936998E-004
928		6,442747247074248E-004	6,442747247074248E-004
929		2,195751168250242E-004	6,442747247074255E-004
930		3,502900530343430E-004	3,502900530343430E-004
931		1,144371781992597E-003	3,502900530343429E-004
932		6,412369965232638E-004	6,412369965232636E-004
933		7,920392357068522E-004	6,412369965232638E-004
934		4,535522842476433E-004	4,535522842476433E-004
935		7,688505904035256E-004	4,535522842476433E-004
936		1,025868199409371E-003	1,025868199409365E-003
937		1,442146567487755E-003	1,025868199409371E-003
938		2,461458105224725E-003	2,461458105224725E-003
939		1,033368566971176E-003	2,461458105224725E-003
940		6,319313622544864E-004	6,319313622544839E-004
941		6,453212508898898E-004	6,319313622544864E-004
942		9,471922360595990E-004	9,471922360595980E-004
943		6,808371428166066E-004	9,471922360595976E-004
944		6,024465325547928E-004	6,024465325547919E-004
945		8,970277891928864E-004	6,024465325547919E-004
946		8,411758083409040E-004	8,411758083409051E-004
947		9,615133546442623E-004	8,411758083409048E-004
948		1,737441627316839E-003	1,737441627316839E-003
949		4,365828040708183E-003	1,737441627316839E-003
950		2,597421342333287E-003	2,597421342333286E-003
951		3,583815340453031E-003	2,597421342333286E-003
952		1,629859152640447E-003	1,629859152640447E-003
953		7,834842748267465E-004	1,629859152640447E-003
954		1,419202977444010E-003	1,419202977444010E-003
955		1,416969081573918E-003	1,419202977444010E-003
956		1,442662302637208E-003	1,442662302637208E-003
957		1,441430633645373E-003	1,442662302637208E-003
958		7,806464792728290E-004	7,806464792728287E-004
959		2,188213172892292E-003	7,806464792728280E-004
960		1,199362356283098E-003	1,199362356283098E-003
961		1,639604755897287E-003	1,199362356283098E-003
962		1,034185953784359E-003	1,034185953784359E-003
963		5,895082868327517E-004	1,034185953784359E-003
964		5,284230088734693E-004	5,284230088734693E-004
965		1,086928618470936E-003	5,284230088734693E-004
966		1,285899880551415E-003	1,285899880551415E-003
967		6,251475836627889E-004	1,285899880551415E-003
968		1,185362673556643E-003	1,185362673556643E-003
969		7,468237401702413E-003	1,185362673556643E-003
970		1,088692058273302E-003	1,088692058273303E-003
971		1,532524158945368E-003	1,088692058273302E-003
972		2,725054047845490E-003	2,725054047845489E-003
973		8,688253389141078E-004	2,725054047845491E-003
974		1,072988321165352E-003	1,072988321165352E-003
975		8,129157368324410E-004	1,072988321165352E-003
976		6,515997766174571E-004	6,515997766174555E-004
977		5,447924926888088E-004	6,515997766174571E-004
978		5,119956701385143E-004	5,119956701385146E-004
979		3,290587970998614E-004	5,119956701385142E-004
980		6,796263925891716E-004	6,796263925891716E-004
981		9,136120882349063E-004	6,796263925891716E-004
982		8,883948152109731E-004	8,883948152109730E-004
983		4,129174085699845E-004	8,883948152109731E-004
984		1,549213222092193E-003	1,549213222092193E-003
985		1,069696911193899E-003	1,549213222092193E-003
986		1,116394748337545E-003	1,116394748337545E-003
987		1,768161841228981E-003	1,116394748337545E-003
988		2,370788450457774E-003	2,370788450457774E-003
989		6,908674242936993E-004	2,370788450457774E-003
990		1,553445961323958E-003	1,553445961323958E-003
991		4,568783663375101E-004	1,553445961323958E-003
992		7,399142498238597E-004	7,399142498238595E-004
993		1,696451385622173E-003	7,399142498238595E-004
994		7,049621246337365E-004	7,049621246337368E-004
995		3,415729896449836E-004	7,049621246337367E-004
996		4,038765469036027E-004	4,038765469036027E-004
997		8,538885869997938E-004	4,038765469036029E-004
998		7,228648437561107E-004	7,228648437561107E-004
999		9,986158738116665E-004	7,228648437561107E-004
1000		1,120601660065141E-003	1,120601660065141E-003
1001		7,422670894056767E-004	1,120601660065141E-003
1002		4,350403099508866E-004	4,350403099508869E-004
1003		1,812237509683503E-003	4,350403099508862E-004
1004		2,853002010046857E-003	2,853002010046857E-003
1005		2,506358381190439E-004	2,853002010046857E-003
1006		3,775992239130858E-004	3,775992239130858E-004
1007		6,948198115163879E-004	3,775992239130858E-004
1008		5,199479617814079E-004	5,199479617814084E-004
1009		7,190045466031849E-004	5,199479617814079E-004
1010		4,631443972771947E-004	4,631443972771946E-004
1011		2,938673730564277E-004	4,631443972771951E-004
1012		4,334928195313993E-004	4,334928195313993E-004
1013		2,069058236234415E-004	4,334928195313993E-004
1014		2,594908862783473E-004	2,594908862783475E-004
1015		5,601413594725727E-004	2,594908862783474E-004
1016		7,454166116161221E-004	7,454166116161216E-004
1017		8,465312669733748E-004	7,454166116161215E-004
1018		1,325961410335322E-004	1,325961410335322E-004
1019		1,639702068255353E-004	1,325961410335322E-004
1020		1,642155906684581E-004	1,642155906684583E-004
1021		4,190213319694098E-004	1,642155906684583E-004
1022		7,621692911393555E-004	7,621692911393555E-004
1023		3,016329778625262E-004	7,621692911393555E-004
1024		3,516777321366467E-004	3,516777321366470E-004
1025		3,616085215743969E-004	3,516777321366469E-004
1026		7,005576437219087E-004	7,005576437219087E-004
1027		1,668384716758874E-003	7,005576437219087E-004
1028		3,781185077687494E-004	3,781185077687494E-004
1029		1,774144696928084E-004	3,781185077687494E-004
1030		6,098983725136338E-004	6,098983725136343E-004
1031		3,582311458025981E-004	6,098983725136335E-004
1032		4,195785383388060E-004	4,195785383388060E-004
1033		7,983266462667541E-004	4,195785383388060E-004
1034		5,430738299676009E-004	5,430738299676007E-004
1035		1,186748602954163E-003	5,430738299676009E-004
1036		9,001541776251391E-004	9,001541776251391E-004
1037		5,481434346043147E-004	9,001541776251391E-004
1038		5,713988721569928E-004	5,713988721569928E-004
1039		9,243075904617716E-004	5,713988721569928E-004
1040		1,152154924529209E-003	1,152154924529209E-003
1041		4,140069507633148E-004	1,152154924529209E-003
1042		5,997231997009302E-004	5,997231997009302E-004
1043		3,984375308621416E-004	5,997231997009302E-004
1044		7,848625755064967E-004	7,848625755064967E-004
1045		3,714313578985771E-004	7,848625755064967E-004
1046		5,989120220882839E-003	5,989120220882839E-003
1047		3,030831106101402E-004	5,989120220882839E-003
1048		2,163571191224571E-004	2,163571191224571E-004
1049		2,947175351193181E-004	2,163571191224572E-004
1050		1,418747227995572E-003	1,418747227995572E-003
1051		6,189343516369425E-004	1,418747227995572E-003
1052		4,493275524162894E-004	4,493275524162893E-004
1053		2,496356797100713E-003	4,493275524162895E-004
1054		6,821543594732238E-004	6,821543594732237E-004
1055		1,955462222802548E-004	6,821543594732237E-004
1056		1,507055690593506E-004	1,507055690593506E-004
1057		1,573031460875289E-004	1,507055690593506E-004
1058		9,008930238064382E-004	9,008930238064382E-004
1059		3,831495096158110E-004	9,008930238064382E-004
1060		5,466869925584088E-004	5,466869925584088E-004
1061		2,750045789405144E-004	5,466869925584088E-004
1062		5,932643087960179E-004	5,932643087960178E-004
1063		1,451527875644290E-003	5,932643087960174E-004
1064		1,562749277417240E-003	1,562749277417239E-003
1065		5,318305518108616E-004	1,562749277417240E-003
1066		4,868705418411200E-004	4,868705418411201E-004
1067		6,536414303764672E-004	4,868705418411200E-004
1068		1,087614959540175E-003	1,087614959540175E-003
1069		9,249062267762509E-004	1,087614959540175E-003
1070		1,726543841219987E-003	1,726543841219987E-003
1071		9,929269692294446E-004	1,726543841219987E-003
1072		5,178211870845898E-004	5,178211870845895E-004
1073		7,621320675481185E-004	5,178211870845896E-004
1074		1,145935423627916E-003	1,145935423627916E-003
1075		4,590693820403262E-004	1,145935423627916E-003
1076		7,614221277870020E-004	7,614221277870020E-004
1077		4,859283252476153E-004	7,614221277870020E-004
1078		5,614562435843154E-004	5,614562435843156E-004
1079		8,142409725350919E-004	5,614562435843159E-004
1080		7,395347617441101E-004	7,395347617441101E-004
1081		3,867871083519539E-004	7,395347617441105E-004
1082		2,361939936557105E-004	2,361939936557105E-004
1083		7,050358982463587E-004	2,361939936557104E-004
1084		6,598556326003050E-004	6,598556326003048E-004
1085		8,878755022430463E-004	6,598556326003048E-004
1086		2,980959831469895E-004	2,980959831469892E-004
1087		2,404337512874252E-004	2,980959831469896E-004
1088		3,618614950996195E-004	3,618614950996195E-004
1089		6,843572650136765E-004	3,618614950996195E-004
1090		6,473275499764654E-004	6,473275499764651E-004
1091		1,583772560726442E-003	6,473275499764651E-004
1092		9,406796108662656E-004	9,406796108662653E-004
1093		5,345437425882959E-004	9,406796108662669E-004
1094		4,656819606760236E-004	4,656819606760236E-004
1095		4,712304360586064E-004	4,656819606760238E-004
1096		2,680814010614022E-004	2,680814010614021E-004
1097		1,813614843665700E-004	2,680814010614022E-004
1098		6,639420321012912E-005	6,639420321012913E-005
1099		2,432186499966441E-004	6,639420321012913E-005
1100		4,239420324282116E-004	4,239420324282116E-004
1101		3,456394907556580E-004	4,239420324282116E-004
1102		3,849606465343257E-004	3,849606465343257E-004
1103		2,930224370928958E-004	3,849606465343257E-004
1104		1,124721497532333E-004	1,124721497532333E-004
1105		8,241456361505846E-005	1,124721497532333E-004
1106		9,978412560037775E-005	9,978412560037775E-005
1107		1,725529750520718E-004	9,978412560037775E-005
1108		1,381666706448091E-004	1,381666706448091E-004
1109		3,533857472106532E-004	1,381666706448091E-004
1110		6,841613843979180E-004	6,841613843979179E-004
1111		5,558862578539412E-004	6,841613843979181E-004
1112		7,607073299657026E-004	7,607073299657026E-004
1113		2,649537355002197E-004	7,607073299657026E-004
1114		3,854711074081544E-004	3,854711074081545E-004
1115		4,333653288180783E-004	3,854711074081546E-004
1116		1,426318318064650E-004	1,426318318064650E-004
1117		1,772870675985025E-004	1,426318318064650E-004
1118		5,404284223511120E-004	5,404284223511120E-004
1119		4,264402617878321E-004	5,404284223511120E-004
1120		2,007420404596915E-004	2,007420404596915E-004
1121		1,488160837634517E-004	2,007420404596915E-004
1122		3,629528370152628E-004	3,629528370152626E-004
1123		6,339571391552367E-004	3,629528370152626E-004
1124		4,478612202093320E-004	4,478612202093319E-004
1125		2,292207015749395E-004	4,478612202093321E-004
1126		1,960382420339753E-004	1,960382420339753E-004
1127		3,216558680978091E-004	1,960382420339753E-004
1128		5,261649920213162E-004	5,261649920213163E-004
1129		3,931265676860675E-004	5,261649920213162E-004
1130		4,877177181451923E-004	4,877177181451923E-004
1131		4,771867040744965E-004	4,877177181451922E-004
1132		3,963419591164280E-004	3,963419591164280E-004
1133		4,119758163927724E-004	3,963419591164280E-004
1134		1,866789578907340E-004	1,866789578907340E-004
1135		1,464374577483805E-004	1,866789578907340E-004
1136		6,629964695203739E-004	6,629964695203738E-004
1137		5,293303222830534E-004	6,629964695203737E-004
1138		2,070261228467448E-003	2,070261228467447E-003
1139		1,009421778949078E-003	2,070261228467447E-003
1140		4,432929118875246E-004	4,432929118875254E-004
1141		9,399746978384943E-004	4,432929118875246E-004
1142		2,957801527477619E-004	2,957801527477617E-004
1143		7,116413259614702E-004	2,957801527477621E-004
1144		2,752296901945525E-004	2,752296901945525E-004
1145		3,352347648993637E-004	2,752296901945525E-004
1146		5,167404012036519E-004	5,167404012036519E-004
1147		1,310777888710748E-004	5,167404012036532E-004
1148		2,247072533331598E-004	2,247072533331598E-004
1149		1,900858827249844E-004	2,247072533331596E-004
1150		1,793306425041663E-004	1,793306425041664E-004
1151		2,312601441819783E-004	1,793306425041664E-004
1152		1,094978052361729E-003	1,094978052361731E-003
1153		1,049180356246546E-003	1,094978052361731E-003
1154		8,823003148569124E-004	8,823003148569121E-004
1155		7,903333214989773E-004	8,823003148569123E-004
1156		1,391104725604337E-004	1,391104725604337E-004
1157		1,860790114983647E-004	1,391104725604337E-004
1158		1,823464169942677E-004	1,823464169942677E-004
1159		1,112446402995598E-004	1,823464169942677E-004
1160		1,045476565279695E-004	1,045476565279695E-004
1161		2,176811746551766E-004	1,045476565279695E-004
1162		1,888979174076611E-004	1,888979174076611E-004
1163		1,101701483797497E-003	1,888979174076611E-004
1164		2,831874824083046E-004	2,831874824083046E-004
1165		7,372461339381053E-004	2,831874824083046E-004
1166		9,559121243306009E-004	9,559121243306009E-004
1167		4,772253575956268E-004	9,559121243306009E-004
1168		3,477681790654483E-004	3,477681790654479E-004
1169		2,954659033752301E-004	3,477681790654481E-004
1170		4,152443523350078E-004	4,152443523350078E-004
1171		2,717798934958348E-004	4,152443523350078E-004
1172		4,577467488402466E-004	4,577467488402458E-004
1173		1,156358744445862E-003	4,577467488402465E-004
1174		1,734074628169216E-003	1,734074628169216E-003
1175		1,955457923118316E-004	1,734074628169217E-003
1176		1,215511686473295E-004	1,215511686473295E-004
1177		6,525869533252841E-004	1,215511686473294E-004
1178		1,917448272535035E-003	1,917448272535035E-003
1179		3,210105265981479E-003	1,917448272535035E-003
1180		4,163664696774372E-004	4,163664696774372E-004
1181		1,533614863128065E-004	4,163664696774372E-004
1182		4,516521290436761E-004	4,516521290436756E-004
1183		1,296230086673429E-004	4,516521290436758E-004
1184		1,796686822520834E-004	1,796686822520834E-004
1185		1,321105492336798E-004	1,796686822520834E-004
1186		1,017853885864660E-004	1,017853885864660E-004
1187		6,525199063131601E-005	1,017853885864660E-004
1188		6,154186938626271E-005	6,154186938626271E-005
1189		2,322334905907480E-004	6,154186938626271E-005
1190		7,239180260899060E-005	7,239180260899049E-005
1191		1,527007375403370E-004	7,239180260899050E-005
1192		1,208956069766545E-004	1,208956069766546E-004
1193		7,039289408530685E-005	1,208956069766546E-004
1194		1,274611363341826E-004	1,274611363341821E-004
1195		1,843317236557078E-004	1,274611363341821E-004
1196		8,494658555952526E-005	8,494658555952532E-005
1197		2,326308988483459E-004	8,494658555952529E-005
1198		3,208789296476826E-004	3,208789296476826E-004
1199		1,848379033400553E-004	3,208789296476826E-004
1200		9,873280380305548E-005	9,873280380305548E-005
1201		3,424748801405875E-004	9,873280380305548E-005
1202		8,390284930716580E-004	8,390284930716575E-004
1203		1,912669555201896E-003	8,390284930716565E-004
1204		5,947791185898105E-004	5,947791185898102E-004
1205		4,166136298557733E-004	5,947791185898090E-004
1206		3,894864113639615E-004	3,894864113639615E-004
1207		5,333069241297242E-004	3,894864113639615E-004
1208		1,956231349325705E-004	1,956231349325705E-004
1209		3,479623990632799E-004	1,956231349325704E-004
1210		4,157898268840115E-004	4,157898268840114E-004
1211		1,554158231285275E-004	4,157898268840114E-004
1212		1,554594258376693E-004	1,554594258376693E-004
1213		7,050655746811728E-004	1,554594258376693E-004
1214		1,471045286473339E-004	1,471045286473339E-004
1215		1,191176793595870E-004	1,471045286473341E-004
1216		7,139227772403182E-005	7,139227772403181E-005
1217		1,197007512543929E-004	7,139227772403173E-005
1218		9,796908676463047E-005	9,796908676463047E-005
1219		4,972490499941529E-005	9,796908676463047E-005
1220		1,163698614472673E-004	1,163698614472674E-004
1221		3,865600195088845E-004	1,163698614472674E-004
1222		6,935370188975560E-005	6,935370188975562E-005
1223		9,497947917238485E-005	6,935370188975567E-005
1224		1,702733096711836E-004	1,702733096711836E-004
1225		1,687802911852312E-004	1,702733096711836E-004
1226		4,093336723869027E-004	4,093336723869027E-004
1227		4,066858846414882E-004	4,093336723869028E-004
1228		2,485885466079654E-004	2,485885466079652E-004
1229		3,182442266942179E-004	2,485885466079652E-004
1230		6,184951251179740E-004	6,184951251179740E-004
1231		4,768582797235345E-004	6,184951251179740E-004
1232		1,631280611774482E-004	1,631280611774483E-004
1233		1,297185874814398E-004	1,631280611774483E-004
1234		2,367339065459122E-004	2,367339065459122E-004
1235		2,003694040887404E-004	2,367339065459121E-004
1236		6,576492044920027E-005	6,576492044920027E-005
1237		1,285606743159088E-004	6,576492044920027E-005
1238		1,605960100608528E-004	1,605960100608528E-004
1239		1,069316300387484E-004	1,605960100608528E-004
1240		4,270380925799897E-005	4,270380925799896E-005
1241		9,590747805534947E-005	4,270380925799899E-005
1242		1,894752703670878E-004	1,894752703670878E-004
1243		6,450462995952318E-004	1,894752703670878E-004
1244		5,201843788950428E-004	5,201843788950428E-004
1245		4,291649811619973E-004	5,201843788950427E-004
1246		1,519230748984179E-004	1,519230748984179E-004
1247		1,878828706476194E-004	1,519230748984179E-004
1248		4,493769314369006E-004	4,493769314369008E-004
1249		1,197794851244943E-004	4,493769314369011E-004
1250		8,605844239824275E-005	8,605844239824275E-005
1251		1,364189167285021E-004	8,605844239824272E-005
1252		1,314260930163904E-004	1,314260930163904E-004
1253		6,866137540812668E-005	1,314260930163904E-004
1254		7,388474565073140E-005	7,388474565073140E-005
1255		9,506784660808227E-005	7,388474565073140E-005
1256		2,907149696098806E-005	2,907149696098809E-005
1257		2,607646324885681E-005	2,907149696098807E-005
1258		4,461287146305128E-005	4,461287146305128E-005
1259		3,557357450785214E-005	4,461287146305128E-005
1260		1,305966839884922E-004	1,305966839884922E-004
1261		5,099078720205746E-005	1,305966839884922E-004
1262		3,401650703774691E-005	3,401650703774686E-005
1263		2,283628148937270E-005	3,401650703774696E-005
1264		2,889881895636060E-005	2,889881895636059E-005
1265		5,652966721602605E-005	2,889881895636059E-005
1266		8,698175908690865E-005	8,698175908690865E-005
1267		1,574734129594298E-005	8,698175908690865E-005
1268		2,366812528618012E-005	2,366812528618012E-005
1269		2,263113601977473E-005	2,366812528618012E-005
1270		1,983127006533221E-005	1,983127006533221E-005
1271		1,690698606913394E-005	1,983127006533221E-005
1272		1,821677674084900E-005	1,821677674084900E-005
1273		1,445397346235118E-005	1,821677674084900E-005
1274		2,464826362711259E-005	2,464826362711259E-005
1275		2,109579334075362E-005	2,464826362711259E-005
1276		1,848527861627753E-005	1,848527861627754E-005
1277		2,133081478098966E-005	1,848527861627754E-005
1278		1,234013344698935E-005	1,234013344698935E-005
1279		1,056511755388290E-005	1,234013344698935E-005
1280		1,238821842850780E-005	1,238821842850780E-005
1281		2,243018418477569E-005	1,238821842850780E-005
1282		1,891235193623219E-005	1,891235193623220E-005
1283		1,616510060315733E-005	1,891235193623219E-005
1284		1,688651319320958E-005	1,688651319320957E-005
1285		1,778701698067535E-005	1,688651319320958E-005
1286		3,205895938652506E-005	3,205895938652506E-005
1287		9,358382423346603E-005	3,205895938652506E-005
1288		7,431503583137736E-005	7,431503583137740E-005
1289		2,045344226329006E-004	7,431503583137736E-005
1290		3,525353784153658E-005	3,525353784153658E-005
1291		5,265109741036711E-005	3,525353784153658E-005
1292		7,070827816657327E-005	7,070827816657327E-005
1293		3,041567555061184E-004	7,070827816657289E-005
1294		1,035635942656518E-004	1,035635942656518E-004
1295		3,140802425260663E-004	1,035635942656518E-004
1296		3,462897156958434E-004	3,462897156958434E-004
1297		4,322262957498523E-004	3,462897156958434E-004
1298		1,218156863445831E-004	1,218156863445834E-004
1299		1,230213267331048E-004	1,218156863445832E-004
1300		1,371880263292150E-004	1,371880263292150E-004
1301		4,581259551158667E-004	1,371880263292150E-004
1302		3,893114439231278E-004	3,893114439231278E-004
1303		3,927446947195710E-004	3,893114439231278E-004
1304		8,734310180353647E-005	8,734310180353654E-005
1305		1,925730657236935E-004	8,734310180353658E-005
1306		1,275974673146625E-004	1,275974673146625E-004
1307		1,203229208949628E-004	1,275974673146625E-004
1308		3,169523816109538E-004	3,169523816109537E-004
1309		1,972408607280612E-004	3,169523816109538E-004
1310		6,779908190719651E-005	6,779908190719651E-005
1311		4,088836629182051E-005	6,779908190719651E-005
1312		3,685750611788526E-005	3,685750611788526E-005
1313		2,288623667483643E-005	3,685750611788526E-005
1314		2,947499143353013E-005	2,947499143353011E-005
1315		1,021220144931740E-004	2,947499143353012E-005
1316		4,484987858349343E-005	4,484987858349345E-005
1317		4,417799984404649E-005	4,484987858349345E-005
1318		9,527210996354451E-006	9,527210996354451E-006
End iteration: 1319 		 ||f - Ax^j|| / ||r^0||: 9,52721099637059E-06
