Method: COCG
SLAE Number: 2
Threads: 4
Smoothing: NoSmoothing
Total time: 58468 ms
Total iterations: 1332

End iteration: 1333 		 ||f - Ax^j|| / ||r^0||: 9,616138516973288E-06

Iteration	Residual		SmoothedResidual
---------	---------		---------------
1		7,755598375485313E-001	1,000000000000001E+000
2		2,874283918882126E-001	2,874283918882127E-001
3		4,438053320357003E-001	2,874283918882126E-001
4		2,856923262226340E-001	2,856923262226339E-001
5		4,843119217275416E-001	2,856923262226340E-001
6		5,695214167922453E-001	5,695214167922452E-001
7		2,171222695097668E-001	5,695214167922451E-001
8		6,577788736940267E-001	6,577788736940267E-001
9		2,812346751805451E-001	6,577788736940267E-001
10		2,237411983305423E-001	2,237411983305423E-001
11		2,987893807009745E-001	2,237411983305423E-001
12		1,588375520982404E-001	1,588375520982404E-001
13		1,956188261920684E-001	1,588375520982405E-001
14		3,065676364413550E+000	3,065676364413564E+000
15		2,216906379155726E-001	3,065676364413561E+000
16		1,386035076975840E-001	1,386035076975839E-001
17		2,859392464453576E-001	1,386035076975839E-001
18		2,157085738289628E-001	2,157085738289629E-001
19		9,877542008092380E-002	2,157085738289629E-001
20		3,350944906424726E-001	3,350944906424724E-001
21		6,526547658600666E-002	3,350944906424724E-001
22		2,234173654938256E-001	2,234173654938255E-001
23		3,567662607624423E-001	2,234173654938256E-001
24		2,713181560802020E-001	2,713181560802014E-001
25		6,541897057937357E-001	2,713181560802024E-001
26		2,785236622455248E-001	2,785236622455244E-001
27		3,387578160762544E-001	2,785236622455248E-001
28		2,550746704131808E-001	2,550746704131810E-001
29		2,192707946585085E-001	2,550746704131813E-001
30		3,005033136356299E-001	3,005033136356295E-001
31		1,691219417630800E-001	3,005033136356294E-001
32		4,872735218131853E-001	4,872735218131864E-001
33		3,052417844498611E-001	4,872735218131866E-001
34		3,725355528036712E-001	3,725355528036711E-001
35		4,638576200442226E-001	3,725355528036710E-001
36		1,218079809666652E-001	1,218079809666652E-001
37		5,176044961612637E-001	1,218079809666652E-001
38		2,157509045035908E-001	2,157509045035907E-001
39		3,124707647008456E-001	2,157509045035907E-001
40		3,333442020938652E-001	3,333442020938664E-001
41		5,864016451133034E-001	3,333442020938667E-001
42		4,188082094086085E-001	4,188082094086084E-001
43		6,800788756964939E-001	4,188082094086082E-001
44		3,010485086197554E+000	3,010485086197559E+000
45		5,303075722035411E+000	3,010485086197554E+000
46		2,479775827325613E-001	2,479775827325614E-001
47		1,248692114952398E-001	2,479775827325615E-001
48		1,195790053189609E-001	1,195790053189609E-001
49		1,296429185250893E-001	1,195790053189610E-001
50		1,539006584684026E-001	1,539006584684028E-001
51		1,745508822952898E-001	1,539006584684026E-001
52		2,357624822782411E-001	2,357624822782412E-001
53		1,130082245145925E-001	2,357624822782413E-001
54		1,097613263765714E-001	1,097613263765715E-001
55		1,274155681467632E-001	1,097613263765713E-001
56		1,365273920706278E-001	1,365273920706279E-001
57		9,899759733969014E-002	1,365273920706279E-001
58		1,758015651627881E-001	1,758015651627883E-001
59		2,147253442775599E-001	1,758015651627883E-001
60		1,031405624414678E-001	1,031405624414677E-001
61		3,919310268130476E-001	1,031405624414676E-001
62		1,799047839453991E-001	1,799047839453993E-001
63		8,907383573671469E-002	1,799047839453992E-001
64		1,973956332978629E-001	1,973956332978629E-001
65		1,567406977243623E-001	1,973956332978629E-001
66		6,763005673664305E-002	6,763005673664305E-002
67		6,533263732637355E-002	6,763005673664303E-002
68		1,831964096669098E-001	1,831964096669100E-001
69		4,294516343908021E-001	1,831964096669099E-001
70		9,285861078355220E-002	9,285861078355220E-002
71		7,821291687438402E-002	9,285861078355223E-002
72		8,491708874130705E-002	8,491708874130707E-002
73		4,481271859380811E-002	8,491708874130707E-002
74		1,641432249408815E-001	1,641432249408816E-001
75		2,785914952830528E-001	1,641432249408815E-001
76		3,738035480311062E-001	3,738035480311065E-001
77		7,479027510638395E-001	3,738035480311066E-001
78		2,211789196959154E-001	2,211789196959154E-001
79		4,320424852572770E-001	2,211789196959154E-001
80		3,393349635148238E-001	3,393349635148236E-001
81		2,616535480664526E-001	3,393349635148239E-001
82		1,545460872986105E-001	1,545460872986105E-001
83		1,524998853720599E-001	1,545460872986105E-001
84		2,541113357835188E-001	2,541113357835189E-001
85		6,233371249876625E-002	2,541113357835186E-001
86		2,441711050042132E-001	2,441711050042131E-001
87		1,522077803801156E-001	2,441711050042131E-001
88		3,049422709780249E-001	3,049422709780248E-001
89		1,635106359220334E-001	3,049422709780251E-001
90		1,369125322566973E-001	1,369125322566973E-001
91		3,506704683913593E-002	1,369125322566975E-001
92		3,934199850972280E-001	3,934199850972276E-001
93		2,141944818739855E-001	3,934199850972278E-001
94		1,787164813600015E-001	1,787164813600014E-001
95		5,251068292905881E-002	1,787164813600015E-001
96		1,258999495794305E-001	1,258999495794306E-001
97		1,150621536802160E-001	1,258999495794305E-001
98		2,004293536390838E-001	2,004293536390837E-001
99		1,779935734043567E-001	2,004293536390838E-001
100		5,912049519939418E-002	5,912049519939418E-002
101		7,299702213086005E-002	5,912049519939416E-002
102		6,047678700597775E-001	6,047678700597774E-001
103		1,280935022429419E-001	6,047678700597773E-001
104		1,387197225766616E-001	1,387197225766619E-001
105		1,015563930612336E-001	1,387197225766617E-001
106		1,656738461372826E-001	1,656738461372826E-001
107		1,159443978162768E-001	1,656738461372826E-001
108		8,981757117558201E-002	8,981757117558205E-002
109		2,286443077167497E-001	8,981757117558212E-002
110		1,391386715553979E-001	1,391386715553980E-001
111		1,806961760477145E-001	1,391386715553978E-001
112		3,153870109228460E-001	3,153870109228459E-001
113		3,371896575370715E-001	3,153870109228459E-001
114		5,422500204164296E-002	5,422500204164293E-002
115		3,196968885417752E-001	5,422500204164293E-002
116		4,423956008038206E-001	4,423956008038206E-001
117		3,750794823813047E-002	4,423956008038206E-001
118		4,611905480754308E-002	4,611905480754309E-002
119		4,674756359746872E-002	4,611905480754309E-002
120		2,542974455536312E-002	2,542974455536313E-002
121		1,543756825967321E-002	2,542974455536313E-002
122		3,973107188985436E-002	3,973107188985438E-002
123		4,450256474044598E-002	3,973107188985428E-002
124		3,297470984071521E-002	3,297470984071525E-002
125		5,879957348687112E-002	3,297470984071520E-002
126		9,184422931495982E-002	9,184422931495977E-002
127		7,407477037815269E-002	9,184422931495977E-002
128		2,968534361365214E-002	2,968534361365211E-002
129		1,127774644302048E-001	2,968534361365211E-002
130		1,649468701870053E-001	1,649468701870054E-001
131		1,119161621458389E-001	1,649468701870054E-001
132		6,594011773427741E-002	6,594011773427737E-002
133		3,295241917967761E-002	6,594011773427733E-002
134		8,065673185305564E-002	8,065673185305565E-002
135		4,340886553654671E-002	8,065673185305564E-002
136		2,758058570564337E-002	2,758058570564338E-002
137		5,894769298056144E-002	2,758058570564338E-002
138		2,716708123999799E-002	2,716708123999798E-002
139		2,077280068579212E-002	2,716708123999799E-002
140		3,683073167235091E-002	3,683073167235099E-002
141		1,461638100804948E-002	3,683073167235098E-002
142		1,137257459080840E-002	1,137257459080840E-002
143		4,385822693459406E-003	1,137257459080841E-002
144		4,848270578710389E-003	4,848270578710387E-003
145		4,527065944602437E-003	4,848270578710388E-003
146		6,220665773473800E-003	6,220665773473800E-003
147		7,487958246694955E-003	6,220665773473800E-003
148		1,070054501338987E-002	1,070054501338987E-002
149		2,752957442192672E-002	1,070054501338987E-002
150		1,550655470965792E-002	1,550655470965794E-002
151		9,603338184197897E-002	1,550655470965792E-002
152		1,295302839773232E-001	1,295302839773232E-001
153		4,921861341063279E-002	1,295302839773232E-001
154		3,464666358310427E-002	3,464666358310430E-002
155		9,438845215587670E-002	3,464666358310430E-002
156		2,950659352331525E-002	2,950659352331525E-002
157		1,902876535432453E-002	2,950659352331531E-002
158		2,174079900095724E-002	2,174079900095722E-002
159		1,637232958492831E-002	2,174079900095723E-002
160		1,280671198123460E-002	1,280671198123461E-002
161		8,075349572150586E-003	1,280671198123461E-002
162		4,089063837277846E-003	4,089063837277847E-003
163		1,736700473555677E-002	4,089063837277845E-003
164		9,992367056845898E-003	9,992367056845898E-003
165		1,116955838762347E-002	9,992367056845900E-003
166		3,601498348859040E-003	3,601498348859039E-003
167		5,380109817423473E-003	3,601498348859039E-003
168		5,589410560429369E-003	5,589410560429370E-003
169		8,732384534229016E-003	5,589410560429369E-003
170		1,884229720757699E-002	1,884229720757699E-002
171		7,390821112518307E-003	1,884229720757700E-002
172		1,166723193546746E-002	1,166723193546746E-002
173		9,046394277162507E-003	1,166723193546746E-002
174		4,729797488921649E-003	4,729797488921647E-003
175		6,361485530307637E-003	4,729797488921651E-003
176		5,567255890832237E-003	5,567255890832240E-003
177		2,920218458600878E-003	5,567255890832238E-003
178		4,020218510690102E-003	4,020218510690102E-003
179		7,538597787459183E-003	4,020218510690096E-003
180		7,630462454441359E-003	7,630462454441355E-003
181		1,272019529313664E-002	7,630462454441355E-003
182		1,158624209513829E-002	1,158624209513829E-002
183		1,029287156794121E-002	1,158624209513828E-002
184		2,469981048814742E-002	2,469981048814741E-002
185		1,453581020940076E-002	2,469981048814741E-002
186		1,200417578414346E-002	1,200417578414345E-002
187		3,084722025312997E-002	1,200417578414346E-002
188		1,228337773907217E-002	1,228337773907218E-002
189		1,671961323484937E-002	1,228337773907218E-002
190		7,538798495215823E-003	7,538798495215828E-003
191		6,943191079076926E-003	7,538798495215825E-003
192		3,039186007524080E-003	3,039186007524075E-003
193		5,801067787103804E-003	3,039186007524083E-003
194		5,284542776353146E-002	5,284542776353133E-002
195		1,318484231532318E-002	5,284542776353134E-002
196		5,154829308311000E-003	5,154829308310994E-003
197		1,093925594024921E-002	5,154829308310998E-003
198		2,368673313297265E-002	2,368673313297263E-002
199		2,481207398512586E-002	2,368673313297264E-002
200		7,898104357784404E-003	7,898104357784406E-003
201		5,023870075542150E-003	7,898104357784390E-003
202		1,014491889669144E-002	1,014491889669144E-002
203		1,122154051327739E-002	1,014491889669144E-002
204		2,100050893127916E-002	2,100050893127914E-002
205		2,587836035625411E-002	2,100050893127917E-002
206		2,111659529369825E-002	2,111659529369825E-002
207		1,163929412787903E-002	2,111659529369826E-002
208		7,480467411977224E-003	7,480467411977228E-003
209		8,905004068177918E-003	7,480467411977245E-003
210		7,262612770266657E-003	7,262612770266658E-003
211		8,558065858695717E-003	7,262612770266660E-003
212		7,102740742597813E-003	7,102740742597819E-003
213		4,640974159807197E-003	7,102740742597815E-003
214		2,761767689426609E-003	2,761767689426609E-003
215		3,697314502642249E-003	2,761767689426609E-003
216		2,821223959988834E-003	2,821223959988836E-003
217		3,429915265590333E-003	2,821223959988835E-003
218		5,046636239193244E-003	5,046636239193237E-003
219		1,003806595326367E-002	5,046636239193221E-003
220		9,386386828952551E-003	9,386386828952551E-003
221		5,545748851357117E-003	9,386386828952558E-003
222		1,551298840631283E-002	1,551298840631282E-002
223		6,078481947187044E-003	1,551298840631282E-002
224		4,807539684262377E-003	4,807539684262376E-003
225		3,913202666567820E-003	4,807539684262375E-003
226		4,522741360281007E-003	4,522741360281009E-003
227		5,181523033890661E-003	4,522741360281005E-003
228		4,410216056985069E-003	4,410216056985068E-003
229		2,969577303838968E-003	4,410216056985072E-003
230		7,412162688484452E-003	7,412162688484446E-003
231		2,768046984775948E-003	7,412162688484457E-003
232		7,481683219542741E-003	7,481683219542741E-003
233		5,299061421755162E-003	7,481683219542746E-003
234		1,056504560056399E-002	1,056504560056399E-002
235		4,501199912721022E-003	1,056504560056399E-002
236		5,257876212571992E-003	5,257876212571992E-003
237		2,489058555266598E-003	5,257876212571995E-003
238		4,530023028613730E-003	4,530023028613729E-003
239		2,948213706167042E-003	4,530023028613730E-003
240		2,928707931039148E-003	2,928707931039153E-003
241		4,800547654196091E-003	2,928707931039155E-003
242		3,404352135692495E-003	3,404352135692492E-003
243		4,139102098967032E-003	3,404352135692490E-003
244		4,359218182836155E-003	4,359218182836158E-003
245		6,312599935884486E-003	4,359218182836155E-003
246		1,466834592593171E-002	1,466834592593172E-002
247		8,117966259836629E-003	1,466834592593172E-002
248		1,762270170767015E-002	1,762270170767014E-002
249		2,317127938605999E-002	1,762270170767014E-002
250		3,943376974944230E-002	3,943376974944230E-002
251		1,868312605833196E-002	3,943376974944231E-002
252		2,328181271632305E-002	2,328181271632306E-002
253		2,254370282226856E-002	2,328181271632306E-002
254		9,824147712837548E-003	9,824147712837553E-003
255		1,476125781413814E-002	9,824147712837555E-003
256		1,550410075015605E-002	1,550410075015604E-002
257		9,758417261545580E-003	1,550410075015605E-002
258		5,265819348599613E-003	5,265819348599614E-003
259		1,433831808589642E-002	5,265819348599614E-003
260		3,165843299657769E-002	3,165843299657773E-002
261		2,538789410763008E-002	3,165843299657767E-002
262		3,741738072437699E-002	3,741738072437700E-002
263		1,320366374679774E-002	3,741738072437688E-002
264		9,654254409079559E-003	9,654254409079559E-003
265		2,288748328092524E-002	9,654254409079561E-003
266		2,692209615925505E-002	2,692209615925506E-002
267		1,162726330591285E-002	2,692209615925505E-002
268		2,233329370723528E-002	2,233329370723528E-002
269		1,975022016558740E-002	2,233329370723528E-002
270		3,669407451333486E-002	3,669407451333487E-002
271		4,434531694728328E-002	3,669407451333487E-002
272		3,063293218347134E-002	3,063293218347133E-002
273		7,898271911754612E-002	3,063293218347123E-002
274		3,487442090034824E-002	3,487442090034824E-002
275		3,346642121660991E-002	3,487442090034824E-002
276		2,894933464144164E-002	2,894933464144165E-002
277		2,138871981665275E-002	2,894933464144165E-002
278		9,494459068239541E-002	9,494459068239547E-002
279		1,169079480115064E-002	9,494459068239552E-002
280		9,893755008900513E-003	9,893755008900509E-003
281		1,236033955379669E-002	9,893755008900509E-003
282		3,452703102241011E-002	3,452703102241009E-002
283		4,245114048651316E-002	3,452703102241008E-002
284		1,507998825131382E-002	1,507998825131380E-002
285		1,360066185555853E-002	1,507998825131380E-002
286		1,035973629213872E-002	1,035973629213872E-002
287		7,010279918642348E-003	1,035973629213871E-002
288		7,434663724083368E-003	7,434663724083371E-003
289		1,163512992299705E-002	7,434663724083371E-003
290		2,205430258065305E-002	2,205430258065305E-002
291		8,501101218920580E-003	2,205430258065301E-002
292		8,025792615874255E-003	8,025792615874251E-003
293		6,596468333091165E-003	8,025792615874253E-003
294		1,304344990830066E-002	1,304344990830066E-002
295		9,028140452145707E-003	1,304344990830067E-002
296		6,325816702380291E-003	6,325816702380291E-003
297		1,322701387552216E-002	6,325816702380291E-003
298		7,886928932367221E-003	7,886928932367216E-003
299		1,458198520916526E-002	7,886928932367249E-003
300		1,525364315040726E-002	1,525364315040727E-002
301		1,048620414823176E-002	1,525364315040725E-002
302		1,067833054153465E-002	1,067833054153461E-002
303		1,437102259127094E-002	1,067833054153465E-002
304		2,876058896667538E-002	2,876058896667536E-002
305		3,686232721544927E-003	2,876058896667536E-002
306		5,625569375575289E-003	5,625569375575289E-003
307		1,512577446269651E-002	5,625569375575290E-003
308		1,001265629906389E-002	1,001265629906388E-002
309		4,230203841285462E-003	1,001265629906388E-002
310		1,092007151703538E-002	1,092007151703538E-002
311		2,649456956743982E-002	1,092007151703536E-002
312		2,841162762498417E-002	2,841162762498417E-002
313		7,923631060870148E-003	2,841162762498417E-002
314		4,264991485820686E-003	4,264991485820692E-003
315		3,152320026986618E-003	4,264991485820683E-003
316		3,905669919770813E-003	3,905669919770809E-003
317		6,870223726568963E-003	3,905669919770813E-003
318		8,736626665849080E-003	8,736626665849080E-003
319		1,544257496625065E-002	8,736626665849076E-003
320		1,098614014631548E-002	1,098614014631550E-002
321		4,389536628269442E-003	1,098614014631548E-002
322		9,296397505983002E-003	9,296397505983002E-003
323		1,556831848545979E-002	9,296397505982996E-003
324		1,293704982617936E-002	1,293704982617935E-002
325		1,572478617241065E-001	1,293704982617936E-002
326		2,365346416597923E-002	2,365346416597922E-002
327		1,622143646098032E-002	2,365346416597924E-002
328		2,563167379745985E-002	2,563167379745987E-002
329		1,823467509011051E-002	2,563167379745985E-002
330		8,906927884634376E-002	8,906927884634368E-002
331		7,229516232171698E-002	8,906927884634369E-002
332		4,625363519481310E-002	4,625363519481308E-002
333		1,862055542424822E-002	4,625363519481307E-002
334		7,894632484751510E-003	7,894632484751510E-003
335		1,065588128823532E-002	7,894632484751510E-003
336		1,512377467892051E-002	1,512377467892054E-002
337		2,287492897723630E-002	1,512377467892054E-002
338		1,257834033152000E-002	1,257834033151996E-002
339		2,108478904364331E-002	1,257834033151998E-002
340		6,276054836071551E-003	6,276054836071544E-003
341		1,013959029941796E-002	6,276054836071541E-003
342		3,395119325755159E-003	3,395119325755157E-003
343		6,906737154351471E-003	3,395119325755158E-003
344		1,126514277299246E-002	1,126514277299245E-002
345		3,449715173705636E-002	1,126514277299246E-002
346		6,721208228352016E-003	6,721208228352007E-003
347		1,431918007974194E-002	6,721208228352010E-003
348		2,175429728248899E-002	2,175429728248898E-002
349		1,735811673072196E-002	2,175429728248897E-002
350		6,957723665281070E-003	6,957723665281062E-003
351		2,156490393761835E-002	6,957723665281060E-003
352		1,066299257356718E-002	1,066299257356718E-002
353		3,836511486847669E-003	1,066299257356717E-002
354		2,743304136186864E-003	2,743304136186866E-003
355		5,191719026155790E-003	2,743304136186865E-003
356		6,090764343925515E-003	6,090764343925512E-003
357		8,700296442403077E-003	6,090764343925515E-003
358		8,029771426326314E-003	8,029771426326316E-003
359		1,176286745991941E-002	8,029771426326316E-003
360		8,131024182602907E-003	8,131024182602892E-003
361		3,643445915099583E-003	8,131024182602885E-003
362		1,083240158200556E-002	1,083240158200556E-002
363		1,197316898472599E-002	1,083240158200556E-002
364		6,196952888939206E-003	6,196952888939210E-003
365		2,783960478732128E-003	6,196952888939208E-003
366		2,108276163995755E-002	2,108276163995756E-002
367		3,133506205345864E-003	2,108276163995756E-002
368		7,074540259215982E-003	7,074540259215987E-003
369		5,323305404611140E-003	7,074540259215981E-003
370		4,032300785363035E-003	4,032300785363035E-003
371		3,879424530606513E-003	4,032300785363034E-003
372		2,702453991462395E-003	2,702453991462399E-003
373		2,901902988983142E-003	2,702453991462398E-003
374		4,786483192756646E-003	4,786483192756655E-003
375		2,439068966881309E-003	4,786483192756654E-003
376		4,245189104099852E-003	4,245189104099849E-003
377		6,657971686802275E-003	4,245189104099849E-003
378		1,007455624257247E-002	1,007455624257247E-002
379		9,550236947185832E-003	1,007455624257247E-002
380		1,658184553328299E-002	1,658184553328300E-002
381		1,253491465173569E-002	1,658184553328299E-002
382		7,624195063604434E-003	7,624195063604408E-003
383		8,450704771510774E-003	7,624195063604405E-003
384		6,112496546534817E-003	6,112496546534819E-003
385		6,248266390022112E-003	6,112496546534819E-003
386		1,952192091047895E-002	1,952192091047896E-002
387		5,817553672369405E-003	1,952192091047898E-002
388		1,057956040735817E-002	1,057956040735817E-002
389		1,173841719265391E-002	1,057956040735817E-002
390		1,237715434486933E-002	1,237715434486932E-002
391		3,972131070792312E-003	1,237715434486933E-002
392		2,588919904188470E-003	2,588919904188472E-003
393		6,574542814526631E-003	2,588919904188471E-003
394		3,429954324994830E-003	3,429954324994827E-003
395		3,636091913244333E-003	3,429954324994827E-003
396		4,206985958970313E-003	4,206985958970313E-003
397		7,364798473007364E-003	4,206985958970313E-003
398		1,637618404153744E-003	1,637618404153744E-003
399		7,206244405728442E-003	1,637618404153743E-003
400		4,221645391709251E-002	4,221645391709262E-002
401		1,599888717990565E-003	4,221645391709264E-002
402		2,409137451620396E-003	2,409137451620396E-003
403		1,883197275054551E-003	2,409137451620398E-003
404		1,857104078064971E-003	1,857104078064973E-003
405		2,199246367136187E-003	1,857104078064972E-003
406		1,658185616559342E-003	1,658185616559343E-003
407		2,526196669863260E-003	1,658185616559342E-003
408		3,269978536100841E-003	3,269978536100842E-003
409		1,840078505106304E-003	3,269978536100840E-003
410		3,048269319786040E-003	3,048269319786036E-003
411		4,888384224854401E-003	3,048269319786035E-003
412		3,620718550582781E-003	3,620718550582781E-003
413		2,453270753633749E-003	3,620718550582779E-003
414		2,914986437785999E-003	2,914986437786000E-003
415		1,984035156521190E-003	2,914986437786000E-003
416		1,706709886346956E-003	1,706709886346956E-003
417		1,314048479150369E-003	1,706709886346954E-003
418		2,000265675381952E-003	2,000265675381952E-003
419		3,467288206536892E-002	2,000265675381952E-003
420		1,960543865910588E-003	1,960543865910590E-003
421		1,531498383706354E-003	1,960543865910584E-003
422		7,125768881865300E-003	7,125768881865300E-003
423		8,365763556705391E-004	7,125768881865300E-003
424		1,160368147599798E-003	1,160368147599795E-003
425		5,260476879736697E-004	1,160368147599796E-003
426		1,386698661206282E-003	1,386698661206280E-003
427		1,005682988480850E-003	1,386698661206281E-003
428		2,356718940385832E-003	2,356718940385832E-003
429		8,166300965703751E-004	2,356718940385834E-003
430		2,707065577252032E-003	2,707065577252035E-003
431		1,821339100618592E-003	2,707065577252039E-003
432		2,330728921205511E-003	2,330728921205511E-003
433		3,815978460277655E-003	2,330728921205511E-003
434		4,153876299686799E-003	4,153876299686799E-003
435		3,167743588228404E-003	4,153876299686797E-003
436		7,414257251724763E-003	7,414257251724767E-003
437		2,693752620454621E-002	7,414257251724760E-003
438		2,193182501045024E-003	2,193182501045024E-003
439		2,877839457455414E-003	2,193182501045025E-003
440		2,787007663961962E-003	2,787007663961959E-003
441		2,363443528389426E-003	2,787007663961960E-003
442		8,981852405725060E-003	8,981852405725058E-003
443		1,225703766274778E-002	8,981852405725056E-003
444		3,968931378223458E-003	3,968931378223455E-003
445		1,026870638951266E-002	3,968931378223458E-003
446		5,054709615609669E-003	5,054709615609671E-003
447		6,433609316960551E-003	5,054709615609668E-003
448		4,002870019208218E-003	4,002870019208218E-003
449		1,446857513711492E-002	4,002870019208219E-003
450		4,295406844567730E-003	4,295406844567731E-003
451		3,708807250673041E-003	4,295406844567730E-003
452		5,645943655269680E-003	5,645943655269682E-003
453		3,588801828785406E-003	5,645943655269682E-003
454		4,420969287504324E-003	4,420969287504324E-003
455		2,720179028070157E-003	4,420969287504324E-003
456		2,906477149633746E-002	2,906477149633746E-002
457		6,774235875109227E-003	2,906477149633745E-002
458		6,320598335391136E-003	6,320598335391159E-003
459		2,817069221368885E-003	6,320598335391147E-003
460		3,655671687079612E-003	3,655671687079612E-003
461		4,252521539901738E-003	3,655671687079610E-003
462		2,287713954443596E-003	2,287713954443596E-003
463		1,302922943159189E-003	2,287713954443596E-003
464		1,547008977765483E-003	1,547008977765482E-003
465		1,745169753518610E-003	1,547008977765483E-003
466		1,635125407852187E-003	1,635125407852187E-003
467		1,422121759442138E-003	1,635125407852188E-003
468		4,050826137173049E-003	4,050826137173047E-003
469		1,991586528815998E-003	4,050826137173049E-003
470		2,549896993475094E-003	2,549896993475092E-003
471		1,485291116946180E-003	2,549896993475098E-003
472		2,003143946777398E-003	2,003143946777396E-003
473		2,447930294988404E-003	2,003143946777397E-003
474		4,669816141217426E-003	4,669816141217433E-003
475		2,061797446400819E-003	4,669816141217435E-003
476		2,265363562729892E-003	2,265363562729895E-003
477		5,000615409203663E-003	2,265363562729892E-003
478		4,600995265827568E-003	4,600995265827563E-003
479		1,404777120965827E-003	4,600995265827566E-003
480		5,312261143802245E-003	5,312261143802244E-003
481		4,770429658350160E-003	5,312261143802243E-003
482		3,519024324949890E-003	3,519024324949892E-003
483		1,770194151590244E-003	3,519024324949890E-003
484		2,038006954965049E-003	2,038006954965049E-003
485		7,785180221012468E-004	2,038006954965049E-003
486		6,849490277430889E-004	6,849490277430905E-004
487		7,075024649864697E-004	6,849490277430897E-004
488		8,221894457326169E-004	8,221894457326153E-004
489		1,649387205093736E-003	8,221894457326176E-004
490		1,165100895963118E-003	1,165100895963118E-003
491		8,534865978365710E-004	1,165100895963117E-003
492		1,100074075417033E-003	1,100074075417034E-003
493		4,227321969347064E-003	1,100074075417036E-003
494		9,164009625690849E-004	9,164009625690844E-004
495		1,053760901872943E-003	9,164009625690849E-004
496		2,182294376281961E-003	2,182294376281959E-003
497		8,713623879136260E-004	2,182294376281960E-003
498		8,106415985453023E-004	8,106415985453011E-004
499		2,295946160333788E-003	8,106415985453023E-004
500		7,176255057631919E-003	7,176255057631925E-003
501		3,052372796166491E-003	7,176255057631935E-003
502		3,055199617080792E-003	3,055199617080789E-003
503		1,796445391198131E-003	3,055199617080787E-003
504		1,983884227976199E-003	1,983884227976200E-003
505		2,202888925828918E-003	1,983884227976199E-003
506		1,323920288060297E-002	1,323920288060297E-002
507		4,676296665920401E-003	1,323920288060296E-002
508		4,243290712112187E-003	4,243290712112185E-003
509		4,677431285339323E-003	4,243290712112190E-003
510		4,425954084739784E-003	4,425954084739787E-003
511		6,548022059251303E-003	4,425954084739786E-003
512		3,413164449065826E-003	3,413164449065826E-003
513		1,943366039034173E-003	3,413164449065826E-003
514		2,470567727865546E-003	2,470567727865544E-003
515		2,789185862178164E-003	2,470567727865544E-003
516		5,519951450149867E-003	5,519951450149873E-003
517		2,856851450858958E-003	5,519951450149864E-003
518		2,063176858842536E-003	2,063176858842536E-003
519		3,877145013505263E-003	2,063176858842536E-003
520		1,493437886829154E-003	1,493437886829154E-003
521		2,077753591996934E-003	1,493437886829154E-003
522		4,265369025412052E-003	4,265369025412051E-003
523		1,616092465487184E-003	4,265369025412052E-003
524		1,556382240955087E-003	1,556382240955087E-003
525		1,654362772579888E-003	1,556382240955085E-003
526		9,313157921181684E-004	9,313157921181706E-004
527		5,805270801858465E-004	9,313157921181697E-004
528		6,747076553809111E-004	6,747076553809108E-004
529		1,146420110236710E-003	6,747076553809108E-004
530		1,356885663139953E-003	1,356885663139953E-003
531		9,716279304728747E-004	1,356885663139953E-003
532		2,297964393710099E-003	2,297964393710099E-003
533		2,440281799890876E-003	2,297964393710100E-003
534		2,348102484319815E-003	2,348102484319816E-003
535		1,656261829384817E-003	2,348102484319816E-003
536		1,085496531717231E-002	1,085496531717232E-002
537		6,552632350202496E-003	1,085496531717231E-002
538		1,609010318467259E-003	1,609010318467259E-003
539		8,262397835103493E-003	1,609010318467258E-003
540		1,963757504552675E-003	1,963757504552677E-003
541		1,241644252939298E-003	1,963757504552675E-003
542		1,584661797373185E-003	1,584661797373193E-003
543		2,256499096930914E-003	1,584661797373188E-003
544		1,274651785423803E-003	1,274651785423803E-003
545		1,200272664352877E-003	1,274651785423803E-003
546		1,406635248798793E-003	1,406635248798793E-003
547		1,018734623744596E-003	1,406635248798793E-003
548		9,775064289509890E-004	9,775064289509897E-004
549		4,723926110216019E-004	9,775064289509895E-004
550		5,956185061895085E-004	5,956185061895081E-004
551		6,661011023062676E-004	5,956185061895081E-004
552		1,714555336379034E-003	1,714555336379034E-003
553		9,630166838461497E-004	1,714555336379033E-003
554		5,560278853132419E-004	5,560278853132418E-004
555		4,112906967333437E-004	5,560278853132424E-004
556		8,455392325726431E-004	8,455392325726431E-004
557		1,069492158759015E-003	8,455392325726431E-004
558		8,524817285986758E-004	8,524817285986757E-004
559		1,356413992489717E-003	8,524817285986761E-004
560		2,956682008958760E-003	2,956682008958759E-003
561		3,110830391877080E-003	2,956682008958759E-003
562		2,423413818778902E-003	2,423413818778902E-003
563		1,450265982896549E-003	2,423413818778903E-003
564		1,027685719901429E-003	1,027685719901428E-003
565		1,074280130076082E-003	1,027685719901427E-003
566		8,038187265454413E-004	8,038187265454413E-004
567		3,437531686717507E-004	8,038187265454411E-004
568		7,784497865406891E-004	7,784497865406895E-004
569		1,082461279846368E-003	7,784497865406895E-004
570		1,424855308936374E-003	1,424855308936369E-003
571		5,660406661463316E-004	1,424855308936369E-003
572		1,451960088011487E-003	1,451960088011485E-003
573		8,585486113533832E-004	1,451960088011486E-003
574		5,559366905019974E-004	5,559366905019978E-004
575		2,743756306881979E-004	5,559366905019971E-004
576		1,078625198688067E-003	1,078625198688067E-003
577		3,587606943539355E-003	1,078625198688067E-003
578		5,821559782025388E-004	5,821559782025393E-004
579		4,106736472358299E-004	5,821559782025386E-004
580		3,317549269021805E-004	3,317549269021795E-004
581		5,000077427567284E-004	3,317549269021803E-004
582		3,330750411903187E-004	3,330750411903189E-004
583		5,224989844429815E-004	3,330750411903187E-004
584		2,472825609400770E-004	2,472825609400774E-004
585		2,031510075343686E-004	2,472825609400769E-004
586		1,650507012783814E-004	1,650507012783814E-004
587		2,326964979522531E-004	1,650507012783813E-004
588		1,910873207152146E-004	1,910873207152144E-004
589		2,451592445036597E-004	1,910873207152143E-004
590		2,113058876432774E-004	2,113058876432775E-004
591		2,590888647708438E-004	2,113058876432773E-004
592		3,768207842075942E-004	3,768207842075946E-004
593		2,508802066607246E-004	3,768207842075944E-004
594		2,019194710555240E-004	2,019194710555238E-004
595		2,708126907739069E-004	2,019194710555243E-004
596		1,817892824197633E-004	1,817892824197630E-004
597		1,931295200318148E-004	1,817892824197630E-004
598		1,663520034839792E-004	1,663520034839793E-004
599		2,027738556757962E-004	1,663520034839792E-004
600		2,787717763804348E-004	2,787717763804347E-004
601		1,995999411563531E-004	2,787717763804346E-004
602		2,767641484020466E-004	2,767641484020465E-004
603		3,036673612765149E-004	2,767641484020465E-004
604		1,667441021076620E-004	1,667441021076617E-004
605		2,466503999446302E-004	1,667441021076621E-004
606		3,795074339293392E-004	3,795074339293392E-004
607		9,921160898116946E-005	3,795074339293388E-004
608		1,554304183051733E-004	1,554304183051732E-004
609		3,798765373850381E-004	1,554304183051732E-004
610		1,837893816486581E-003	1,837893816486582E-003
611		1,112394027037337E-003	1,837893816486581E-003
612		5,962537548605524E-004	5,962537548605519E-004
613		4,957606779947193E-004	5,962537548605520E-004
614		2,479852169213777E-004	2,479852169213777E-004
615		2,465434267152828E-004	2,479852169213777E-004
616		5,882668278598363E-004	5,882668278598360E-004
617		3,816514807076980E-004	5,882668278598362E-004
618		3,316808814548846E-004	3,316808814548850E-004
619		3,277261708009605E-004	3,316808814548849E-004
620		3,489052082953977E-004	3,489052082953973E-004
621		8,846062810518354E-004	3,489052082953972E-004
622		4,546067055182667E-004	4,546067055182671E-004
623		5,467798567977166E-004	4,546067055182676E-004
624		7,429023617954540E-004	7,429023617954557E-004
625		1,102920648416745E-003	7,429023617954554E-004
626		8,900870553507309E-004	8,900870553507310E-004
627		6,838509079354711E-004	8,900870553507297E-004
628		7,560745575872761E-004	7,560745575872762E-004
629		9,951370732080821E-004	7,560745575872777E-004
630		4,646011212329943E-004	4,646011212329949E-004
631		3,149103817007003E-004	4,646011212329947E-004
632		5,127558785028895E-004	5,127558785028893E-004
633		4,217684415305055E-004	5,127558785028893E-004
634		5,382294286465115E-004	5,382294286465122E-004
635		1,372859745245771E-003	5,382294286465117E-004
636		4,948185549062601E-004	4,948185549062601E-004
637		3,206317017767768E-004	4,948185549062601E-004
638		7,435053979601818E-004	7,435053979601815E-004
639		8,186683836630388E-004	7,435053979601817E-004
640		8,153035589912529E-004	8,153035589912534E-004
641		1,005307335910433E-003	8,153035589912528E-004
642		1,073065087504353E-003	1,073065087504352E-003
643		8,567878178585196E-004	1,073065087504352E-003
644		7,925215030537265E-004	7,925215030537289E-004
645		7,318798187681938E-004	7,925215030537289E-004
646		2,004085513220905E-003	2,004085513220902E-003
647		8,373783938338198E-004	2,004085513220903E-003
648		9,698293791407060E-004	9,698293791407099E-004
649		8,239812241606474E-003	9,698293791407084E-004
650		8,712468534035653E-004	8,712468534035622E-004
651		7,120607154417837E-004	8,712468534035635E-004
652		1,092138868166892E-003	1,092138868166892E-003
653		9,095324201487557E-004	1,092138868166893E-003
654		9,348261122579866E-004	9,348261122579863E-004
655		1,939807003898646E-003	9,348261122579863E-004
656		1,264223662776495E-003	1,264223662776495E-003
657		8,202448446112539E-004	1,264223662776495E-003
658		7,356370340436390E-004	7,356370340436390E-004
659		1,548443320632179E-003	7,356370340436387E-004
660		2,579735470600585E-003	2,579735470600586E-003
661		1,117775025272049E-003	2,579735470600584E-003
662		1,749569479231101E-003	1,749569479231102E-003
663		1,888270095153810E-003	1,749569479231102E-003
664		9,590004997431346E-004	9,590004997431346E-004
665		1,379208400812279E-003	9,590004997431349E-004
666		5,983033731302940E-004	5,983033731302936E-004
667		4,240050366483210E-004	5,983033731302940E-004
668		4,835542690413202E-004	4,835542690413203E-004
669		5,881817057733098E-004	4,835542690413205E-004
670		5,183776697367949E-004	5,183776697367949E-004
671		2,073863580441886E-003	5,183776697367951E-004
672		1,434562042772372E-003	1,434562042772371E-003
673		9,708184324890770E-004	1,434562042772370E-003
674		1,579253260305871E-003	1,579253260305871E-003
675		1,173883070879550E-003	1,579253260305872E-003
676		7,101553521827759E-004	7,101553521827778E-004
677		5,304468626916011E-004	7,101553521827761E-004
678		3,286764725718484E-004	3,286764725718483E-004
679		3,392041297906396E-004	3,286764725718483E-004
680		2,741038744671809E-002	2,741038744671808E-002
681		4,889515128466515E-004	2,741038744671812E-002
682		5,766485250884659E-004	5,766485250884631E-004
683		3,499123842720989E-004	5,766485250884670E-004
684		6,421819921200934E-004	6,421819921200930E-004
685		3,023362076957976E-003	6,421819921200934E-004
686		3,539219826914350E-003	3,539219826914349E-003
687		4,835936122139154E-003	3,539219826914351E-003
688		6,806914290738924E-004	6,806914290738910E-004
689		1,137198409052394E-003	6,806914290738920E-004
690		2,821123708990643E-004	2,821123708990638E-004
691		7,408098599994489E-004	2,821123708990636E-004
692		1,212037454896866E-003	1,212037454896867E-003
693		7,514744738216915E-004	1,212037454896866E-003
694		2,636352238768328E-004	2,636352238768321E-004
695		3,014328527910259E-004	2,636352238768306E-004
696		1,720607927205341E-004	1,720607927205337E-004
697		2,775986758089086E-004	1,720607927205339E-004
698		8,617156029273909E-004	8,617156029273901E-004
699		2,674508779828580E-004	8,617156029273900E-004
700		2,800830227320069E-004	2,800830227320070E-004
701		1,230828876019526E-004	2,800830227320071E-004
702		1,383942000028699E-004	1,383942000028699E-004
703		2,262133087662433E-004	1,383942000028699E-004
704		1,534836045351281E-004	1,534836045351280E-004
705		1,584652730894923E-004	1,534836045351282E-004
706		2,037436063564223E-004	2,037436063564222E-004
707		3,165568450160247E-004	2,037436063564220E-004
708		4,240410678532491E-004	4,240410678532499E-004
709		3,886102897352113E-004	4,240410678532485E-004
710		4,227125237090336E-004	4,227125237090341E-004
711		1,006703124771746E-003	4,227125237090339E-004
712		8,880788910703363E-004	8,880788910703342E-004
713		1,040968443044643E-003	8,880788910703364E-004
714		1,846688233630104E-003	1,846688233630102E-003
715		1,277568203934572E-003	1,846688233630105E-003
716		1,132978289796248E-003	1,132978289796248E-003
717		8,018955386703333E-004	1,132978289796248E-003
718		2,317332658643494E-003	2,317332658643494E-003
719		1,905091221610608E-003	2,317332658643499E-003
720		3,346623891169501E-003	3,346623891169501E-003
721		9,649171918796152E-004	3,346623891169500E-003
722		9,224357399008633E-004	9,224357399008634E-004
723		1,822001200216842E-003	9,224357399008638E-004
724		1,148192217168889E-003	1,148192217168891E-003
725		3,264605564750921E-003	1,148192217168891E-003
726		2,365251439040306E-003	2,365251439040306E-003
727		9,940259615076165E-004	2,365251439040307E-003
728		7,757090160350208E-004	7,757090160350197E-004
729		1,171403824394420E-003	7,757090160350204E-004
730		4,441861201415978E-004	4,441861201415978E-004
731		4,865873417725816E-004	4,441861201415970E-004
732		1,347113068984055E-003	1,347113068984053E-003
733		9,890677599234011E-004	1,347113068984053E-003
734		1,935426156807437E-003	1,935426156807431E-003
735		1,271445609359008E-003	1,935426156807438E-003
736		5,038201984440232E-003	5,038201984440229E-003
737		6,331665049132929E-004	5,038201984440231E-003
738		5,108155451717197E-004	5,108155451717198E-004
739		3,968117460324870E-004	5,108155451717198E-004
740		6,567287899602580E-004	6,567287899602559E-004
741		8,032807414934937E-004	6,567287899602578E-004
742		9,673160130159464E-004	9,673160130159458E-004
743		5,839332124157814E-004	9,673160130159458E-004
744		1,356509479934063E-003	1,356509479934061E-003
745		6,838585978724740E-004	1,356509479934062E-003
746		7,347924868781107E-004	7,347924868781092E-004
747		1,051680140979476E-003	7,347924868781078E-004
748		7,899372728978716E-004	7,899372728978703E-004
749		5,682228372891525E-004	7,899372728978694E-004
750		7,098656295487608E-004	7,098656295487604E-004
751		4,426709035168974E-003	7,098656295487608E-004
752		1,765851359071662E-003	1,765851359071663E-003
753		7,675161642543857E-004	1,765851359071662E-003
754		7,854176872782302E-004	7,854176872782295E-004
755		8,205260074676590E-004	7,854176872782283E-004
756		9,277934681129579E-004	9,277934681129588E-004
757		7,470648187214941E-003	9,277934681129584E-004
758		3,375773031708804E-003	3,375773031708806E-003
759		3,737720227877083E-003	3,375773031708803E-003
760		1,782366181376912E-003	1,782366181376912E-003
761		2,437677859619817E-003	1,782366181376910E-003
762		5,999753838048630E-004	5,999753838048641E-004
763		1,000905274794114E-003	5,999753838048631E-004
764		8,892740638027490E-004	8,892740638027489E-004
765		8,624479449730057E-004	8,892740638027494E-004
766		1,126330697148072E-003	1,126330697148072E-003
767		2,013813350865368E-003	1,126330697148072E-003
768		1,836498584321246E-003	1,836498584321247E-003
769		9,070497801267275E-004	1,836498584321245E-003
770		2,138400777341328E-003	2,138400777341328E-003
771		8,610624619877051E-003	2,138400777341330E-003
772		7,000697609693428E-004	7,000697609693416E-004
773		7,635415519616477E-004	7,000697609693418E-004
774		1,270088280752781E-003	1,270088280752779E-003
775		3,570977528264240E-003	1,270088280752779E-003
776		1,047422955589548E-003	1,047422955589548E-003
777		2,673043328818448E-003	1,047422955589548E-003
778		1,803665379960936E-003	1,803665379960935E-003
779		1,208610706866359E-003	1,803665379960935E-003
780		7,434219721368313E-004	7,434219721368300E-004
781		7,739834400329719E-004	7,434219721368303E-004
782		1,120178923502885E-003	1,120178923502887E-003
783		2,242592929713474E-003	1,120178923502887E-003
784		1,811274890411307E-003	1,811274890411309E-003
785		1,116986745396078E-003	1,811274890411310E-003
786		1,331537151187142E-003	1,331537151187141E-003
787		9,805305959044285E-004	1,331537151187141E-003
788		5,513234137030606E-004	5,513234137030587E-004
789		7,773816112364154E-004	5,513234137030602E-004
790		1,733993974190345E-003	1,733993974190344E-003
791		1,632140661979209E-003	1,733993974190343E-003
792		7,502925415274021E-004	7,502925415274022E-004
793		3,836508538684807E-004	7,502925415274009E-004
794		2,807887615025097E-004	2,807887615025092E-004
795		3,963434875578793E-004	2,807887615025088E-004
796		1,548903610240675E-004	1,548903610240678E-004
797		2,337536646743648E-004	1,548903610240676E-004
798		1,431463552904612E-004	1,431463552904612E-004
799		3,614309703513306E-004	1,431463552904614E-004
800		8,674970577506796E-004	8,674970577506801E-004
801		3,024942683246262E-004	8,674970577506804E-004
802		3,743433795233086E-004	3,743433795233082E-004
803		2,418530505797042E-004	3,743433795233083E-004
804		1,875469382197648E-004	1,875469382197649E-004
805		7,629086401408103E-004	1,875469382197647E-004
806		3,814825598389395E-004	3,814825598389401E-004
807		3,692455266078275E-004	3,814825598389398E-004
808		3,928381921438510E-004	3,928381921438504E-004
809		6,090762624563435E-004	3,928381921438513E-004
810		8,446420653137309E-004	8,446420653137301E-004
811		4,827511850856386E-004	8,446420653137302E-004
812		6,277382409184921E-004	6,277382409184923E-004
813		7,869041998889578E-004	6,277382409184917E-004
814		1,262303997738455E-003	1,262303997738453E-003
815		7,489821095011664E-004	1,262303997738456E-003
816		1,942550604815679E-003	1,942550604815676E-003
817		1,660753350328722E-003	1,942550604815677E-003
818		9,780777098372161E-004	9,780777098372148E-004
819		4,624430581111651E-004	9,780777098372154E-004
820		7,277341056097868E-004	7,277341056097869E-004
821		1,376741825118383E-003	7,277341056097862E-004
822		8,443968111970252E-004	8,443968111970259E-004
823		3,598273630223713E-003	8,443968111970246E-004
824		3,063215039023458E-003	3,063215039023453E-003
825		1,238438909305581E-003	3,063215039023450E-003
826		1,421224438221283E-003	1,421224438221283E-003
827		8,754347811092121E-004	1,421224438221285E-003
828		6,043244303839299E-004	6,043244303839310E-004
829		9,402267674220416E-004	6,043244303839304E-004
830		6,829337152476986E-004	6,829337152476981E-004
831		6,784358939501441E-004	6,829337152476980E-004
832		6,866311506677252E-004	6,866311506677251E-004
833		4,224579515895461E-004	6,866311506677258E-004
834		5,870839087236755E-004	5,870839087236742E-004
835		3,377928093555597E-004	5,870839087236748E-004
836		4,474859464543694E-004	4,474859464543699E-004
837		5,166256265341945E-004	4,474859464543696E-004
838		3,174662968952884E-004	3,174662968952883E-004
839		4,603452904462267E-004	3,174662968952882E-004
840		1,365467918225179E-003	1,365467918225179E-003
841		1,131469361224504E-003	1,365467918225179E-003
842		7,483293487727786E-004	7,483293487727783E-004
843		2,155134182214579E-003	7,483293487727759E-004
844		3,278368425486583E-003	3,278368425486587E-003
845		1,175976716353942E-003	3,278368425486578E-003
846		7,251491752991122E-004	7,251491752991135E-004
847		5,878195855894400E-004	7,251491752991136E-004
848		5,085074948248091E-004	5,085074948248090E-004
849		2,989547615073784E-004	5,085074948248079E-004
850		3,767109969533972E-004	3,767109969533969E-004
851		4,663471852434780E-004	3,767109969533978E-004
852		6,420559877815379E-004	6,420559877815373E-004
853		5,525474571868890E-004	6,420559877815348E-004
854		2,060112156592791E-003	2,060112156592799E-003
855		1,289617621975890E-002	2,060112156592798E-003
856		5,802527166246035E-003	5,802527166246034E-003
857		1,843278840060907E-003	5,802527166246049E-003
858		4,498629903455115E-003	4,498629903455113E-003
859		1,139534770212262E-003	4,498629903455106E-003
860		9,008975234360631E-004	9,008975234360623E-004
861		1,581944586577092E-003	9,008975234360632E-004
862		8,847314543044624E-004	8,847314543044618E-004
863		5,546331107065004E-004	8,847314543044639E-004
864		2,373491687796087E-003	2,373491687796091E-003
865		2,259317772900609E-003	2,373491687796087E-003
866		7,208327960384725E-004	7,208327960384734E-004
867		8,910668561728492E-004	7,208327960384738E-004
868		2,750767877455563E-004	2,750767877455561E-004
869		1,838957718173398E-004	2,750767877455562E-004
870		2,144326561695033E-004	2,144326561695033E-004
871		2,508084029986568E-004	2,144326561695032E-004
872		4,287960303700768E-004	4,287960303700760E-004
873		3,430766710582399E-004	4,287960303700768E-004
874		2,817141731094418E-004	2,817141731094425E-004
875		2,445520098920980E-004	2,817141731094428E-004
876		3,056207334478739E-004	3,056207334478743E-004
877		1,252085310356554E-004	3,056207334478745E-004
878		6,086316797285243E-004	6,086316797285241E-004
879		6,613538590489493E-005	6,086316797285250E-004
880		3,163818637278806E-004	3,163818637278804E-004
881		5,359195347352662E-004	3,163818637278807E-004
882		5,939751965213801E-005	5,939751965213809E-005
883		6,359166026295691E-005	5,939751965213799E-005
884		1,785927528921833E-004	1,785927528921835E-004
885		1,258629080763678E-004	1,785927528921834E-004
886		7,980028228501131E-005	7,980028228501123E-005
887		1,954180849946192E-004	7,980028228501115E-005
888		2,546873940876602E-004	2,546873940876603E-004
889		1,038562999952982E-004	2,546873940876601E-004
890		9,086556428792774E-005	9,086556428792775E-005
891		1,485810192750709E-004	9,086556428792787E-005
892		1,859615499152615E-004	1,859615499152612E-004
893		1,647692429711873E-004	1,859615499152613E-004
894		6,670206090773717E-005	6,670206090773705E-005
895		4,993913145447769E-005	6,670206090773719E-005
896		4,572393320468045E-005	4,572393320468041E-005
897		6,986286010747552E-005	4,572393320468053E-005
898		5,108232874331568E-005	5,108232874331578E-005
899		6,698529505265966E-005	5,108232874331581E-005
900		1,792132004568209E-004	1,792132004568209E-004
901		1,169086879404371E-004	1,792132004568210E-004
902		1,537387153349646E-004	1,537387153349644E-004
903		1,800474539959530E-004	1,537387153349646E-004
904		2,405078039955489E-004	2,405078039955491E-004
905		9,594754542562371E-005	2,405078039955489E-004
906		2,712781100402054E-004	2,712781100402059E-004
907		1,200316060416289E-004	2,712781100402060E-004
908		2,430572645408758E-004	2,430572645408761E-004
909		1,156064504914362E-004	2,430572645408752E-004
910		3,194840063362549E-004	3,194840063362546E-004
911		1,847720129290364E-003	3,194840063362549E-004
912		2,303093877462976E-004	2,303093877462979E-004
913		7,442216629357008E-004	2,303093877462977E-004
914		3,072547231073223E-004	3,072547231073225E-004
915		2,571335131358797E-004	3,072547231073227E-004
916		2,605967026733654E-003	2,605967026733655E-003
917		2,486095815406589E-004	2,605967026733655E-003
918		1,132528953139405E-004	1,132528953139405E-004
919		2,019827336155724E-004	1,132528953139404E-004
920		3,560173852823384E-004	3,560173852823381E-004
921		4,867246226978756E-004	3,560173852823392E-004
922		2,947626332033893E-004	2,947626332033895E-004
923		1,138480149520196E-004	2,947626332033888E-004
924		4,625025902096978E-004	4,625025902096978E-004
925		4,016695676235137E-004	4,625025902096972E-004
926		1,705785565143590E-004	1,705785565143583E-004
927		3,134887393405484E-004	1,705785565143587E-004
928		3,391380921028377E-003	3,391380921028374E-003
929		3,458795327137876E-003	3,391380921028376E-003
930		4,960958294192473E-004	4,960958294192480E-004
931		6,213492757431307E-004	4,960958294192458E-004
932		7,235136561060229E-004	7,235136561060227E-004
933		2,498392673322832E-003	7,235136561060242E-004
934		4,837289102722982E-004	4,837289102722983E-004
935		6,767255896224996E-004	4,837289102722983E-004
936		1,042312817943452E-003	1,042312817943452E-003
937		1,501952699943844E-003	1,042312817943453E-003
938		5,849587750166004E-004	5,849587750166021E-004
939		1,033236310270468E-003	5,849587750166006E-004
940		5,970371612464170E-004	5,970371612464166E-004
941		7,181352149131679E-004	5,970371612464167E-004
942		3,557053219192730E-003	3,557053219192726E-003
943		1,210162529945700E-003	3,557053219192729E-003
944		1,991565714638280E-003	1,991565714638279E-003
945		8,641565202397524E-004	1,991565714638275E-003
946		7,150424416245503E-004	7,150424416245500E-004
947		1,984110457244311E-003	7,150424416245500E-004
948		2,554886501116551E-003	2,554886501116547E-003
949		1,563705322825631E-003	2,554886501116549E-003
950		2,366288147451503E-003	2,366288147451497E-003
951		4,801320842880713E-003	2,366288147451502E-003
952		3,273429540526809E-003	3,273429540526805E-003
953		1,815648531417993E-003	3,273429540526805E-003
954		7,168654012843172E-004	7,168654012843168E-004
955		1,527237423134265E-003	7,168654012843181E-004
956		4,109497402044008E-003	4,109497402044003E-003
957		1,157552062906076E-003	4,109497402044004E-003
958		2,516966140170985E-003	2,516966140170982E-003
959		9,383807578903528E-004	2,516966140170979E-003
960		4,966881153522153E-003	4,966881153522163E-003
961		5,739182747092655E-004	4,966881153522171E-003
962		3,889515549350866E-004	3,889515549350866E-004
963		8,878980061648831E-004	3,889515549350866E-004
964		1,212991215065704E-003	1,212991215065705E-003
965		1,741453303986723E-003	1,212991215065703E-003
966		8,802868107678464E-004	8,802868107678463E-004
967		5,204786602599923E-004	8,802868107678459E-004
968		9,303409964276763E-004	9,303409964276806E-004
969		1,470967353295918E-003	9,303409964276785E-004
970		9,395783621353205E-004	9,395783621353198E-004
971		7,524289077228563E-004	9,395783621353211E-004
972		8,584034510350440E-004	8,584034510350421E-004
973		1,114190158144615E-003	8,584034510350432E-004
974		1,788570712244545E-003	1,788570712244545E-003
975		8,312695668157661E-004	1,788570712244538E-003
976		4,297474907145132E-004	4,297474907145141E-004
977		7,279058324256717E-004	4,297474907145136E-004
978		3,354587892891160E-004	3,354587892891162E-004
979		7,361473149342812E-004	3,354587892891159E-004
980		1,022185614165183E-003	1,022185614165183E-003
981		8,451874020251227E-004	1,022185614165183E-003
982		7,926689792085540E-004	7,926689792085536E-004
983		5,423927816415121E-004	7,926689792085544E-004
984		2,191532164145437E-003	2,191532164145441E-003
985		6,441095512995811E-004	2,191532164145442E-003
986		2,072508418997690E-003	2,072508418997689E-003
987		1,063968437434249E-003	2,072508418997693E-003
988		1,303733216646986E-003	1,303733216646985E-003
989		3,818250478481044E-003	1,303733216646987E-003
990		1,076071239449906E-003	1,076071239449907E-003
991		5,203472270037323E-004	1,076071239449905E-003
992		1,044561577677389E-002	1,044561577677388E-002
993		7,111923481119676E-003	1,044561577677388E-002
994		6,305904732793992E-004	6,305904732793992E-004
995		4,725215921578112E-004	6,305904732793985E-004
996		1,774576952425470E-003	1,774576952425468E-003
997		7,813736863773328E-004	1,774576952425469E-003
998		9,883998899699509E-004	9,883998899699485E-004
999		7,212226284931092E-004	9,883998899699530E-004
1000		1,245526983878951E-003	1,245526983878950E-003
1001		3,800877441567129E-003	1,245526983878950E-003
1002		4,229073587580538E-004	4,229073587580538E-004
1003		2,719818054560112E-004	4,229073587580538E-004
1004		5,311937331406032E-004	5,311937331406029E-004
1005		6,999729980541712E-004	5,311937331406032E-004
1006		3,290778494692980E-004	3,290778494692978E-004
1007		2,879448961540193E-004	3,290778494692978E-004
1008		1,778637730709087E-003	1,778637730709088E-003
1009		1,165616310470622E-003	1,778637730709087E-003
1010		1,390201685464268E-003	1,390201685464267E-003
1011		1,159711681852549E-003	1,390201685464267E-003
1012		5,695478664083373E-004	5,695478664083364E-004
1013		1,462179027467670E-004	5,695478664083364E-004
1014		3,278999191903382E-004	3,278999191903388E-004
1015		8,024704133607850E-004	3,278999191903378E-004
1016		9,444459411606718E-004	9,444459411606744E-004
1017		4,057258035575365E-004	9,444459411606716E-004
1018		1,013570623536485E-003	1,013570623536484E-003
1019		2,225837000926093E-004	1,013570623536485E-003
1020		9,050509588527806E-005	9,050509588527806E-005
1021		3,245172582064269E-004	9,050509588527784E-005
1022		3,135917164947821E-003	3,135917164947818E-003
1023		7,126157040281100E-004	3,135917164947825E-003
1024		5,923697247486259E-004	5,923697247486257E-004
1025		1,945988940937365E-003	5,923697247486259E-004
1026		3,386720165145082E-004	3,386720165145084E-004
1027		6,628219146202308E-004	3,386720165145085E-004
1028		9,374287988665154E-004	9,374287988665156E-004
1029		4,458406970802999E-004	9,374287988665153E-004
1030		3,225662085758452E-004	3,225662085758448E-004
1031		2,554023677338792E-004	3,225662085758444E-004
1032		7,031786910941452E-004	7,031786910941457E-004
1033		4,395547441497211E-004	7,031786910941444E-004
1034		7,034252452077930E-004	7,034252452077930E-004
1035		3,079846760933884E-003	7,034252452077919E-004
1036		3,120989548962261E-003	3,120989548962262E-003
1037		4,069020194260926E-003	3,120989548962262E-003
1038		1,282394778416110E-003	1,282394778416111E-003
1039		6,656911116303955E-004	1,282394778416109E-003
1040		7,153150575953065E-004	7,153150575953064E-004
1041		4,511365848948413E-004	7,153150575953064E-004
1042		7,909780386019408E-004	7,909780386019405E-004
1043		8,401369075167000E-004	7,909780386019408E-004
1044		3,292308483351066E-004	3,292308483351068E-004
1045		3,124120391282513E-004	3,292308483351067E-004
1046		5,005105980507515E-004	5,005105980507513E-004
1047		7,206548554764388E-004	5,005105980507514E-004
1048		1,964334369809568E-003	1,964334369809569E-003
1049		6,492985569801084E-004	1,964334369809569E-003
1050		3,179442911922448E-004	3,179442911922448E-004
1051		3,153815233739023E-004	3,179442911922444E-004
1052		2,718495915527439E-004	2,718495915527439E-004
1053		4,724287339759703E-004	2,718495915527439E-004
1054		3,178329075592780E-004	3,178329075592779E-004
1055		2,584434263811880E-004	3,178329075592780E-004
1056		1,964581654856662E-004	1,964581654856662E-004
1057		2,657765596061287E-004	1,964581654856662E-004
1058		1,358729342987965E-004	1,358729342987963E-004
1059		2,191376148774526E-004	1,358729342987963E-004
1060		3,581141025477236E-004	3,581141025477236E-004
1061		3,303554138035546E-004	3,581141025477238E-004
1062		4,029627003404641E-004	4,029627003404622E-004
1063		1,085768319777586E-003	4,029627003404641E-004
1064		9,802363453728037E-004	9,802363453728035E-004
1065		4,177290845322726E-004	9,802363453728035E-004
1066		4,087756430816565E-004	4,087756430816567E-004
1067		5,735755101171233E-004	4,087756430816565E-004
1068		7,920977359975233E-004	7,920977359975227E-004
1069		8,021637614034380E-004	7,920977359975244E-004
1070		8,141855255238009E-003	8,141855255238011E-003
1071		1,076821545036174E-003	8,141855255238004E-003
1072		3,948673213367493E-003	3,948673213367493E-003
1073		7,657691276680916E-004	3,948673213367493E-003
1074		1,844355240854171E-003	1,844355240854172E-003
1075		5,565831872250030E-004	1,844355240854175E-003
1076		4,767944921287884E-004	4,767944921287885E-004
1077		2,144118658867598E-003	4,767944921287881E-004
1078		8,240517213294454E-004	8,240517213294453E-004
1079		1,473786937375672E-003	8,240517213294457E-004
1080		6,352148586029384E-004	6,352148586029380E-004
1081		6,179454309758628E-004	6,352148586029379E-004
1082		2,998799625332184E-004	2,998799625332184E-004
1083		3,545879793879522E-004	2,998799625332193E-004
1084		2,634250605599315E-004	2,634250605599316E-004
1085		5,528303940363612E-004	2,634250605599314E-004
1086		3,729978995692271E-004	3,729978995692273E-004
1087		3,287176360781633E-004	3,729978995692273E-004
1088		4,101968002378118E-004	4,101968002378126E-004
1089		8,610830858668488E-004	4,101968002378125E-004
1090		4,028822436592918E-004	4,028822436592925E-004
1091		5,117164993660513E-004	4,028822436592919E-004
1092		1,443927707647446E-004	1,443927707647446E-004
1093		3,394340844282913E-004	1,443927707647446E-004
1094		1,687202713599920E-004	1,687202713599925E-004
1095		3,382537344824873E-004	1,687202713599920E-004
1096		9,010138097654713E-005	9,010138097654706E-005
1097		1,614059147241999E-004	9,010138097654706E-005
1098		1,157931951630611E-004	1,157931951630611E-004
1099		1,319681813032927E-004	1,157931951630611E-004
1100		1,167402337924831E-004	1,167402337924830E-004
1101		3,849322279019255E-004	1,167402337924831E-004
1102		2,085335094620447E-004	2,085335094620445E-004
1103		5,231764034733814E-004	2,085335094620447E-004
1104		1,997308963415323E-004	1,997308963415324E-004
1105		1,445839152132569E-004	1,997308963415323E-004
1106		1,776351321057387E-004	1,776351321057390E-004
1107		1,016656976322617E-004	1,776351321057390E-004
1108		1,508838075764124E-004	1,508838075764124E-004
1109		2,276124880254066E-004	1,508838075764124E-004
1110		7,859480329573659E-004	7,859480329573660E-004
1111		5,163880362282703E-004	7,859480329573653E-004
1112		4,205073869934129E-004	4,205073869934131E-004
1113		6,467843216202620E-004	4,205073869934130E-004
1114		8,065531887211728E-004	8,065531887211725E-004
1115		2,427044990696294E-004	8,065531887211725E-004
1116		1,092734023344550E-004	1,092734023344550E-004
1117		6,212732829494304E-004	1,092734023344550E-004
1118		3,340349096783056E-004	3,340349096783057E-004
1119		2,422492861065134E-004	3,340349096783056E-004
1120		2,317162347520851E-004	2,317162347520851E-004
1121		1,607917636228459E-004	2,317162347520852E-004
1122		2,390008395695684E-004	2,390008395695683E-004
1123		6,501906124237955E-004	2,390008395695683E-004
1124		2,335614525341365E-003	2,335614525341365E-003
1125		2,190332235140674E-004	2,335614525341365E-003
1126		5,993329578910670E-004	5,993329578910665E-004
1127		3,568717233435121E-004	5,993329578910682E-004
1128		5,119101326126093E-004	5,119101326126094E-004
1129		5,625648356308033E-003	5,119101326126096E-004
1130		3,854412932145038E-003	3,854412932145036E-003
1131		1,821752965107988E-003	3,854412932145038E-003
1132		8,079923255103760E-004	8,079923255103761E-004
1133		4,572830884200640E-004	8,079923255103765E-004
1134		2,104607344155291E-004	2,104607344155290E-004
1135		2,585527881872151E-004	2,104607344155289E-004
1136		1,974358368527280E-004	1,974358368527279E-004
1137		2,265056063462288E-004	1,974358368527281E-004
1138		1,069059909225173E-003	1,069059909225174E-003
1139		1,424597574644219E-003	1,069059909225173E-003
1140		1,511313629434775E-003	1,511313629434775E-003
1141		8,297534316116481E-004	1,511313629434776E-003
1142		7,599095513682213E-004	7,599095513682213E-004
1143		3,956216660069962E-004	7,599095513682213E-004
1144		3,990434829869114E-004	3,990434829869123E-004
1145		2,292963233962024E-004	3,990434829869129E-004
1146		3,912319509722231E-004	3,912319509722232E-004
1147		2,238084510612241E-004	3,912319509722232E-004
1148		1,619082326722970E-004	1,619082326722969E-004
1149		1,432563863867189E-004	1,619082326722966E-004
1150		1,164206600690310E-004	1,164206600690310E-004
1151		3,136846115422357E-004	1,164206600690311E-004
1152		2,379784814851392E-004	2,379784814851391E-004
1153		3,263706898556101E-004	2,379784814851392E-004
1154		9,886163942338763E-004	9,886163942338759E-004
1155		3,820983183987231E-004	9,886163942338787E-004
1156		2,511793118625963E-004	2,511793118625963E-004
1157		3,436840344610395E-004	2,511793118625962E-004
1158		1,233010807371469E-004	1,233010807371464E-004
1159		1,767040956976281E-004	1,233010807371465E-004
1160		1,963786069785913E-004	1,963786069785912E-004
1161		1,151706827443265E-004	1,963786069785913E-004
1162		2,277991826490927E-004	2,277991826490924E-004
1163		2,313912336302930E-004	2,277991826490928E-004
1164		3,406555073894075E-004	3,406555073894075E-004
1165		4,591634922267423E-004	3,406555073894081E-004
1166		1,882322365360872E-003	1,882322365360871E-003
1167		4,020583262247728E-004	1,882322365360869E-003
1168		8,599349598236168E-004	8,599349598236182E-004
1169		1,387503519741786E-004	8,599349598236157E-004
1170		2,260994846291649E-004	2,260994846291646E-004
1171		2,364300929671096E-004	2,260994846291646E-004
1172		2,038335027403801E-004	2,038335027403800E-004
1173		1,300523692708403E-003	2,038335027403800E-004
1174		3,711834584532376E-004	3,711834584532377E-004
1175		1,062640916098150E-004	3,711834584532379E-004
1176		1,597620784147380E-004	1,597620784147382E-004
1177		2,068241891940825E-004	1,597620784147381E-004
1178		4,534479165758950E-004	4,534479165758953E-004
1179		2,801061326304983E-004	4,534479165758952E-004
1180		1,718402541749876E-004	1,718402541749883E-004
1181		9,755028600858045E-005	1,718402541749881E-004
1182		9,956011583282063E-005	9,956011583282035E-005
1183		1,801650572182189E-004	9,956011583282070E-005
1184		3,516516725846124E-004	3,516516725846124E-004
1185		1,476712066976183E-004	3,516516725846123E-004
1186		1,530559293731048E-004	1,530559293731048E-004
1187		1,196996198100951E-004	1,530559293731048E-004
1188		5,573074808443801E-005	5,573074808443801E-005
1189		6,539630590729594E-005	5,573074808443799E-005
1190		5,094945087268249E-005	5,094945087268249E-005
1191		1,812862340839387E-004	5,094945087268250E-005
1192		6,990114788060526E-004	6,990114788060525E-004
1193		2,232658491082628E-004	6,990114788060525E-004
1194		9,305456731116279E-005	9,305456731116278E-005
1195		1,702596454242517E-004	9,305456731116283E-005
1196		1,026747998116940E-004	1,026747998116939E-004
1197		5,384300568840970E-004	1,026747998116940E-004
1198		3,503029016833995E-004	3,503029016833997E-004
1199		1,322820768684351E-003	3,503029016833997E-004
1200		3,080661874813558E-004	3,080661874813558E-004
1201		3,323260617446146E-004	3,080661874813561E-004
1202		4,009249819408281E-004	4,009249819408281E-004
1203		6,518797318120691E-004	4,009249819408283E-004
1204		1,418338107468542E-003	1,418338107468541E-003
1205		8,690016061844184E-004	1,418338107468541E-003
1206		3,057610870701381E-004	3,057610870701382E-004
1207		4,413837961768712E-004	3,057610870701382E-004
1208		5,094327386681834E-004	5,094327386681832E-004
1209		4,808211667228901E-004	5,094327386681834E-004
1210		3,660230422294921E-004	3,660230422294922E-004
1211		2,385717184340961E-004	3,660230422294922E-004
1212		1,606835516509430E-004	1,606835516509430E-004
1213		1,209595318049274E-004	1,606835516509429E-004
1214		1,678790575268254E-004	1,678790575268256E-004
1215		1,458619046767129E-004	1,678790575268256E-004
1216		9,408446707373467E-005	9,408446707373466E-005
1217		1,013456283666957E-004	9,408446707373477E-005
1218		9,796568414175265E-005	9,796568414175270E-005
1219		4,875425241447136E-005	9,796568414175270E-005
1220		8,016321260811214E-005	8,016321260811212E-005
1221		1,809866986091943E-004	8,016321260811231E-005
1222		1,277998642724442E-004	1,277998642724443E-004
1223		1,965592874825467E-004	1,277998642724442E-004
1224		1,539397683986968E-004	1,539397683986970E-004
1225		1,852385711434846E-004	1,539397683986964E-004
1226		4,337398939190700E-004	4,337398939190700E-004
1227		4,872054165553657E-004	4,337398939190698E-004
1228		3,324445995959958E-004	3,324445995959959E-004
1229		3,311652421699015E-004	3,324445995959960E-004
1230		4,981830259890663E-004	4,981830259890661E-004
1231		5,665487183499933E-004	4,981830259890655E-004
1232		1,221521689477172E-004	1,221521689477172E-004
1233		1,480119504121041E-004	1,221521689477173E-004
1234		6,891730425223390E-005	6,891730425223390E-005
1235		7,518446680884058E-005	6,891730425223372E-005
1236		9,038535554286800E-005	9,038535554286794E-005
1237		1,687937218636934E-004	9,038535554286793E-005
1238		1,575237873772120E-004	1,575237873772120E-004
1239		1,924196878325223E-004	1,575237873772120E-004
1240		7,599587925661551E-005	7,599587925661545E-005
1241		7,743896777667858E-005	7,599587925661545E-005
1242		1,785744810780723E-004	1,785744810780722E-004
1243		3,458910718063152E-004	1,785744810780724E-004
1244		2,219280475266471E-004	2,219280475266471E-004
1245		1,261273367375443E-004	2,219280475266469E-004
1246		2,094348434512102E-004	2,094348434512103E-004
1247		1,121891197902668E-004	2,094348434512104E-004
1248		1,879325905742091E-004	1,879325905742092E-004
1249		1,424928109243345E-004	1,879325905742091E-004
1250		1,899766401994202E-004	1,899766401994196E-004
1251		2,353017093663306E-004	1,899766401994200E-004
1252		4,360716548812343E-004	4,360716548812344E-004
1253		1,078604944419262E-004	4,360716548812344E-004
1254		8,804815467904023E-005	8,804815467904027E-005
1255		3,087397181352639E-005	8,804815467904028E-005
1256		4,293312024701473E-005	4,293312024701478E-005
1257		1,035125892534826E-004	4,293312024701476E-005
1258		2,116044422350886E-005	2,116044422350886E-005
1259		3,992121970942424E-005	2,116044422350886E-005
1260		5,053449492544371E-005	5,053449492544368E-005
1261		3,224513572377112E-005	5,053449492544371E-005
1262		1,852079387079982E-004	1,852079387079981E-004
1263		4,505756458545958E-005	1,852079387079982E-004
1264		4,885650754863650E-005	4,885650754863649E-005
1265		6,563935839823832E-005	4,885650754863649E-005
1266		2,297443115172964E-005	2,297443115172968E-005
1267		1,829481931933728E-005	2,297443115172966E-005
1268		2,563022939486654E-005	2,563022939486656E-005
1269		2,641800279155930E-005	2,563022939486654E-005
1270		1,552629562200216E-005	1,552629562200213E-005
1271		1,945533381104309E-005	1,552629562200214E-005
1272		4,739063773892306E-005	4,739063773892310E-005
1273		1,608529683392062E-005	4,739063773892310E-005
1274		2,312040749262205E-005	2,312040749262207E-005
1275		2,308962497623533E-005	2,312040749262205E-005
1276		1,590621295198477E-005	1,590621295198477E-005
1277		2,232331030698414E-005	1,590621295198478E-005
1278		3,017230954912137E-005	3,017230954912145E-005
1279		9,123476622213954E-005	3,017230954912142E-005
1280		3,962905959448983E-005	3,962905959448987E-005
1281		1,871706802263626E-005	3,962905959448987E-005
1282		1,600024605287001E-005	1,600024605287001E-005
1283		2,050460931727770E-005	1,600024605287001E-005
1284		2,510678786505563E-005	2,510678786505563E-005
1285		4,142960104487019E-005	2,510678786505547E-005
1286		3,718134247658275E-005	3,718134247658262E-005
1287		4,592688967469714E-005	3,718134247658277E-005
1288		2,482309206537226E-005	2,482309206537228E-005
1289		3,699344681008179E-005	2,482309206537227E-005
1290		5,281608156626996E-005	5,281608156626996E-005
1291		1,171638852550293E-004	5,281608156626991E-005
1292		3,785431104203651E-004	3,785431104203652E-004
1293		1,619068367668538E-004	3,785431104203652E-004
1294		1,832045085859550E-004	1,832045085859546E-004
1295		4,069020047368663E-004	1,832045085859549E-004
1296		3,105394643448403E-004	3,105394643448413E-004
1297		3,337564592005923E-004	3,105394643448410E-004
1298		2,578844123888266E-004	2,578844123888266E-004
1299		9,470893352217688E-005	2,578844123888267E-004
1300		1,306352675264053E-004	1,306352675264050E-004
1301		1,128040868814815E-004	1,306352675264054E-004
1302		8,430404748702004E-004	8,430404748702003E-004
1303		1,502287116161366E-003	8,430404748702004E-004
1304		9,550263016436694E-005	9,550263016436707E-005
1305		3,231349936909995E-004	9,550263016436718E-005
1306		1,783421373444794E-004	1,783421373444793E-004
1307		8,966952892899313E-005	1,783421373444795E-004
1308		4,857597824218312E-005	4,857597824218312E-005
1309		3,717375438743924E-004	4,857597824218309E-005
1310		2,546087783093429E-004	2,546087783093429E-004
1311		3,166434507811113E-005	2,546087783093433E-004
1312		2,213541949190063E-005	2,213541949190060E-005
1313		7,051634496385646E-005	2,213541949190066E-005
1314		3,594820151366227E-005	3,594820151366239E-005
1315		1,498384199584428E-005	3,594820151366235E-005
1316		2,925887210661387E-005	2,925887210661383E-005
1317		1,023318281211800E-005	2,925887210661391E-005
1318		1,867202674796050E-005	1,867202674796052E-005
1319		1,612563866277066E-005	1,867202674796052E-005
1320		2,087527178301146E-005	2,087527178301146E-005
1321		5,681901135392390E-005	2,087527178301146E-005
1322		4,956812002692863E-005	4,956812002692878E-005
1323		4,241196709150360E-005	4,956812002692868E-005
1324		2,902227353277950E-005	2,902227353277951E-005
1325		4,492032456560414E-004	2,902227353277950E-005
1326		1,098832621943517E-004	1,098832621943516E-004
1327		3,993434665712614E-005	1,098832621943517E-004
1328		1,510744842667269E-005	1,510744842667269E-005
1329		1,359130487500691E-005	1,510744842667266E-005
1330		1,254463999577578E-005	1,254463999577578E-005
1331		9,616138516954248E-006	1,254463999577579E-005
End iteration: 1333 		 ||f - Ax^j|| / ||r^0||: 9,616138516973288E-06
