Method: COCG
SLAE Number: 2
Threads: 1
Smoothing: ResidualSmoothing
Total time: 105518 ms
Total iterations: 1267

End iteration: 1267 		 ||f - Ax^j|| / ||r^0||: 9,77437102190221E-06

Iteration	Residual		SmoothedResidual
---------	---------		---------------
1		7,755598375485189E-001	5,717639851191157E-001
2		2,874283918882095E-001	2,417166773155997E-001
3		4,438053320356961E-001	1,998219505394393E-001
4		2,856923262226296E-001	1,598244686798517E-001
5		4,843119217275360E-001	1,575288515234636E-001
6		5,695214167922309E-001	1,124604227587181E-001
7		2,171222695097621E-001	9,887673392367144E-002
8		6,577788736939989E-001	9,803322088480350E-002
9		2,812346751805470E-001	9,561062553599743E-002
10		2,237411983304834E-001	8,736431855668482E-002
11		2,987893807009114E-001	8,083372545856865E-002
12		1,588375520982025E-001	6,980265928279618E-002
13		1,956188261920144E-001	6,768573698823543E-002
14		3,065676364412576E+000	6,768573698823543E-002
15		2,216906379155044E-001	6,205900297659285E-002
16		1,386035076976049E-001	5,935321490484462E-002
17		2,859392464450821E-001	5,903304237118705E-002
18		2,157085738287479E-001	5,521004005746063E-002
19		9,877542008093362E-002	5,093638896392844E-002
20		3,350944906424282E-001	5,064465923378437E-002
21		6,526547658601695E-002	4,810348569066046E-002
22		2,234173654937475E-001	4,810348569066046E-002
23		3,567662607622572E-001	4,810348569066046E-002
24		2,713181560802114E-001	4,618449889138197E-002
25		6,541897057937393E-001	4,614738581253691E-002
26		2,785236622456529E-001	4,608895185790568E-002
27		3,387578160751849E-001	4,608895185790568E-002
28		2,550746704129248E-001	4,591085558148511E-002
29		2,192707946587801E-001	4,591085558148511E-002
30		3,005033136363797E-001	4,568436405627768E-002
31		1,691219417633451E-001	4,551797045061760E-002
32		4,872735218142891E-001	4,551797045061760E-002
33		3,052417844504559E-001	3,991787698916437E-002
34		3,725355528045342E-001	3,991787698916437E-002
35		4,638576200451286E-001	3,991032940021755E-002
36		1,218079809668297E-001	3,854910982318065E-002
37		5,176044961622248E-001	3,819593224355012E-002
38		2,157509045039953E-001	3,087231864260635E-002
39		3,124707647019395E-001	2,784859354314304E-002
40		3,333442020950450E-001	2,784859354314304E-002
41		5,864016451153712E-001	2,771952457541170E-002
42		4,188082094105731E-001	2,764903293036194E-002
43		6,800788757052114E-001	2,764903293036194E-002
44		3,010485086246929E+000	2,764903293036194E-002
45		5,303075722113567E+000	2,708518164053587E-002
46		2,479775827338217E-001	2,662850405379880E-002
47		1,248692114957953E-001	2,608019002014447E-002
48		1,195790053194936E-001	2,607928673145249E-002
49		1,296429185257595E-001	2,607928673145249E-002
50		1,539006584693369E-001	2,582278749681667E-002
51		1,745508822961317E-001	2,582278749681667E-002
52		2,357624822811933E-001	2,582278749681667E-002
53		1,130082245153124E-001	2,580465416145386E-002
54		1,097613263778481E-001	2,580465416145386E-002
55		1,274155681485890E-001	2,580465416145386E-002
56		1,365273920719747E-001	2,580465416145386E-002
57		9,899759734031030E-002	2,580465416145386E-002
58		1,758015651649716E-001	2,580465416145386E-002
59		2,147253442806782E-001	2,580465416145386E-002
60		1,031405624431425E-001	2,580465416145386E-002
61		3,919310268159628E-001	2,580465416145386E-002
62		1,799047839498237E-001	2,498996947623175E-002
63		8,907383573741266E-002	2,391448035478185E-002
64		1,973956333003594E-001	2,352971228592711E-002
65		1,567406977252958E-001	2,352971228592711E-002
66		6,763005673870520E-002	2,286351779739033E-002
67		6,533263732843470E-002	2,263780271028837E-002
68		1,831964096709720E-001	2,263780271028837E-002
69		4,294516343999634E-001	2,263780271028837E-002
70		9,285861078775788E-002	2,263780271028837E-002
71		7,821291687844119E-002	2,261952445708497E-002
72		8,491708874252510E-002	2,200960802279526E-002
73		4,481271859384989E-002	1,910246843704734E-002
74		1,641432249341422E-001	1,910246843704734E-002
75		2,785914952800140E-001	1,910246843704734E-002
76		3,738035480386227E-001	1,910246843704734E-002
77		7,479027511077777E-001	1,751555573305459E-002
78		2,211789196997149E-001	1,734055674756033E-002
79		4,320424852890637E-001	1,732533307074322E-002
80		3,393349635251421E-001	1,732533307074322E-002
81		2,616535480763854E-001	1,702905108196154E-002
82		1,545460873008462E-001	1,700891704756850E-002
83		1,524998853794328E-001	1,649004991377228E-002
84		2,541113358062201E-001	1,567975139868548E-002
85		6,233371250151681E-002	1,518122236004623E-002
86		2,441711050349296E-001	1,518122236004623E-002
87		1,522077803940832E-001	1,421442942024088E-002
88		3,049422710180840E-001	1,420313735723842E-002
89		1,635106359406019E-001	1,408883420250552E-002
90		1,369125322667714E-001	1,404011287090628E-002
91		3,506704684009913E-002	1,169934688189165E-002
92		3,934199850973826E-001	1,157508264372010E-002
93		2,141944818678186E-001	1,153980665819752E-002
94		1,787164813608764E-001	1,097222664020287E-002
95		5,251068292925973E-002	1,096938251348463E-002
96		1,258999496028989E-001	1,096938251348463E-002
97		1,150621536880879E-001	1,094912149079383E-002
98		2,004293536716896E-001	1,094912149079383E-002
99		1,779935734253762E-001	1,094912149079383E-002
100		5,912049523141626E-002	1,081216887649454E-002
101		7,299702220284109E-002	1,081216887649454E-002
102		6,047678710426199E-001	1,079019235824674E-002
103		1,280935022757733E-001	1,077103144469739E-002
104		1,387197226419733E-001	1,058023743741139E-002
105		1,015563930938764E-001	1,054324262942413E-002
106		1,656738463979150E-001	1,054324262942413E-002
107		1,159443983906331E-001	1,054186725548789E-002
108		8,981757118589871E-002	1,053139515216968E-002
109		2,286443080331662E-001	1,053139515216968E-002
110		1,391386716033284E-001	1,052979324057444E-002
111		1,806961761489852E-001	1,052979324057444E-002
112		3,153870110129763E-001	1,052979324057444E-002
113		3,371896572127067E-001	1,052938935136939E-002
114		5,422500200042896E-002	1,028167006204517E-002
115		3,196968876580814E-001	1,028167006204517E-002
116		4,423955991442238E-001	1,028167006204517E-002
117		3,750794783011242E-002	1,015092084861957E-002
118		4,611905375182082E-002	1,014506242503897E-002
119		4,674755990810544E-002	1,003488470633936E-002
120		2,542974245478554E-002	9,779929326712235E-003
121		1,543756822976596E-002	9,394308739263330E-003
122		3,973107119835569E-002	9,394308739263330E-003
123		4,450256419962698E-002	9,394308739263330E-003
124		3,297470973685832E-002	9,222205741471040E-003
125		5,879957347361929E-002	9,167659074774237E-003
126		9,184422872740153E-002	9,134949614190846E-003
127		7,407477001604423E-002	8,954941181798872E-003
128		2,968534369080662E-002	8,731494171338259E-003
129		1,127774651757679E-001	8,731494171338259E-003
130		1,649468740143610E-001	8,707055573401314E-003
131		1,119161636647879E-001	8,538642560865686E-003
132		6,594011978474912E-002	8,538300827786723E-003
133		3,295241960629069E-002	8,538195823997537E-003
134		8,065673177347084E-002	8,455522821909601E-003
135		4,340886590047191E-002	8,285414323094027E-003
136		2,758058572281501E-002	8,180254035624014E-003
137		5,894769330981314E-002	7,987616567867848E-003
138		2,716708140288514E-002	7,982218286358587E-003
139		2,077280098733478E-002	7,972727647442611E-003
140		3,683073140534530E-002	7,972727647442611E-003
141		1,461638188726988E-002	6,953359648461045E-003
142		1,137257564560508E-002	6,628142158789284E-003
143		4,385822781955737E-003	4,316866892072582E-003
144		4,848270877593816E-003	4,308475035241086E-003
145		4,527066146867893E-003	4,196890280487259E-003
146		6,220665828395338E-003	4,183216261650647E-003
147		7,487958488871471E-003	4,183216261650647E-003
148		1,070054559589290E-002	4,176757470239107E-003
149		2,752957473378501E-002	4,154252345837949E-003
150		1,550655481916611E-002	4,154252345837949E-003
151		9,603339537310025E-002	4,152655845300573E-003
152		1,295303231876394E-001	4,114118273087684E-003
153		4,921862331833209E-002	4,058583673451248E-003
154		3,464667622742886E-002	4,044227600591773E-003
155		9,438855561299724E-002	3,974161365735127E-003
156		2,950660546822509E-002	3,949088496028653E-003
157		1,902875690011548E-002	3,850863715423207E-003
158		2,174078435205264E-002	3,829992343367770E-003
159		1,637232078196686E-002	3,804132245397648E-003
160		1,280670814827444E-002	3,481003840660151E-003
161		8,075349307604417E-003	3,407686651726209E-003
162		4,089063495220019E-003	3,001719364761193E-003
163		1,736699728691535E-002	3,001719364761193E-003
164		9,992365222894059E-003	2,907187988322609E-003
165		1,116955682426081E-002	2,907187988322609E-003
166		3,601498229917450E-003	2,789358183125438E-003
167		5,380110660428757E-003	2,703588488332668E-003
168		5,589411399737506E-003	2,691100230281502E-003
169		8,732381144397259E-003	2,679945165489811E-003
170		1,884231199178122E-002	2,677070423871109E-003
171		7,390837328333456E-003	2,582383696729542E-003
172		1,166728160531098E-002	2,582383696729542E-003
173		9,046435572663925E-003	2,309166539182490E-003
174		4,729794261398881E-003	2,105826291155415E-003
175		6,361480539547349E-003	2,105826291155415E-003
176		5,567249096048610E-003	2,046638783405267E-003
177		2,920217326529035E-003	1,880316941711715E-003
178		4,020212714112553E-003	1,880316941711715E-003
179		7,538465604871835E-003	1,880316941711715E-003
180		7,630314389821612E-003	1,880316941711715E-003
181		1,271994604537245E-002	1,880316941711715E-003
182		1,158621324782225E-002	1,848760157661454E-003
183		1,029285000870419E-002	1,848760157661454E-003
184		2,469958205940407E-002	1,848760157661454E-003
185		1,453568322729286E-002	1,744574396501829E-003
186		1,200397559783289E-002	1,689814606717838E-003
187		3,084588611016688E-002	1,689814606717838E-003
188		1,228345397642298E-002	1,689814606717838E-003
189		1,671971453991140E-002	1,689285457180251E-003
190		7,539436951877290E-003	1,684196760314687E-003
191		6,942977819124339E-003	1,684189751802737E-003
192		3,039187786432862E-003	1,676230756292771E-003
193		5,801221806326383E-003	1,671669509885683E-003
194		5,284580281492447E-002	1,617838138696001E-003
195		1,318481232355026E-002	1,615737507855560E-003
196		5,154798122173847E-003	1,596216122674626E-003
197		1,093977594731049E-002	1,596216122674626E-003
198		2,368278601413152E-002	1,596216122674626E-003
199		2,480971950200266E-002	1,596216122674626E-003
200		7,902188281621415E-003	1,579488157336151E-003
201		5,020185803982283E-003	1,577436408647642E-003
202		1,013871189721656E-002	1,575190222966296E-003
203		1,120865559105242E-002	1,510329959667257E-003
204		2,098809887267831E-002	1,488577279374830E-003
205		2,588626288802748E-002	1,477151944783932E-003
206		2,114356173904591E-002	1,477151944783932E-003
207		1,163296341475014E-002	1,471397564181374E-003
208		7,464489030931960E-003	1,469971826145041E-003
209		9,012579228633501E-003	1,469681182705330E-003
210		7,203037504655656E-003	1,466168505252527E-003
211		8,573063721607392E-003	1,462439514374472E-003
212		5,741172736423748E-003	1,458945569936973E-003
213		3,556053333505669E-003	1,321190510376126E-003
214		2,675935146322396E-003	1,308384543420401E-003
215		3,290467833426328E-003	1,308384543420401E-003
216		2,764868073787945E-003	1,308379026645485E-003
217		3,558905471176018E-003	1,302772799023723E-003
218		5,172518230414434E-003	1,292485711913554E-003
219		1,014222757899488E-002	1,292485711913554E-003
220		9,477707889412382E-003	1,287501132835738E-003
221		5,507600781255026E-003	1,283486409582994E-003
222		1,616177380702708E-002	1,283486409582994E-003
223		6,197556027263699E-003	1,283485588628446E-003
224		4,877440679528084E-003	1,279904435020693E-003
225		3,919778593937144E-003	1,277931840188501E-003
226		4,527781275198089E-003	1,274260843139600E-003
227		5,193234530732979E-003	1,263492374271544E-003
228		4,417059513601805E-003	1,252949397607832E-003
229		2,966731678327417E-003	1,248114632626313E-003
230		7,404629956382307E-003	1,241009227530614E-003
231		2,768529015278959E-003	1,236627141543445E-003
232		7,484603778845938E-003	1,236627141543445E-003
233		5,299090282982672E-003	1,236627141543445E-003
234		1,056541326030656E-002	1,236627141543445E-003
235		4,502334091012110E-003	1,236627141543445E-003
236		5,258715231620088E-003	1,234925302773989E-003
237		2,489559790234311E-003	1,216430831590522E-003
238		4,530024560484991E-003	1,215956462695784E-003
239		2,948150216215019E-003	1,199786931718440E-003
240		2,928820448188786E-003	1,182020097233698E-003
241		4,800531167397791E-003	1,182020097233698E-003
242		3,404349959633855E-003	1,182020097233698E-003
243		4,139128515213566E-003	1,182020097233698E-003
244		4,359334548852934E-003	1,181493402866508E-003
245		6,312613311396601E-003	1,181493402866508E-003
246		1,466872026984455E-002	1,181390165681145E-003
247		8,117936284978830E-003	1,180310373326092E-003
248		1,762249491121596E-002	1,180310373326092E-003
249		2,317120175877816E-002	1,180310373326092E-003
250		3,943362658425179E-002	1,180309988629021E-003
251		1,868312536336192E-002	1,177638915225478E-003
252		2,328183594076482E-002	1,177638915225478E-003
253		2,254385274647840E-002	1,176929377186679E-003
254		9,824179128023027E-003	1,176429258373898E-003
255		1,476127896233814E-002	1,176420925816157E-003
256		1,550403027093025E-002	1,176135788443170E-003
257		9,758309568251524E-003	1,176134738930747E-003
258		5,265594679150497E-003	1,173369468307490E-003
259		1,433865996296320E-002	1,173369468307490E-003
260		3,164923574479600E-002	1,173369468307490E-003
261		2,538754295488412E-002	1,173231212785119E-003
262		3,741516285339471E-002	1,165821874232141E-003
263		1,320299022880212E-002	1,157437170365338E-003
264		9,655517843343222E-003	1,146913073335797E-003
265		2,288719330241618E-002	1,146913073335797E-003
266		2,692176896095963E-002	1,146913073335797E-003
267		1,162875450210404E-002	1,131295776755245E-003
268		2,243365360281309E-002	1,124382030570460E-003
269		1,975132552429549E-002	1,121354998483840E-003
270		3,665488900314884E-002	1,121354998483840E-003
271		4,486443964959964E-002	1,111557558750879E-003
272		3,084270269705070E-002	1,105899326285687E-003
273		7,862327454505565E-002	1,105836268230559E-003
274		3,387517227012259E-002	1,105811213512815E-003
275		3,105508341364770E-002	1,105811213512815E-003
276		2,678075064512276E-002	1,105811213512815E-003
277		2,030364761405533E-002	1,103248719655656E-003
278		1,314011554749576E-001	1,103248719655656E-003
279		1,092462173045102E-002	1,102208060866218E-003
280		1,014331307838111E-002	1,094649791553317E-003
281		1,180425467185600E-002	1,093923801339976E-003
282		5,645450595324764E-002	1,093764164862468E-003
283		5,856086191786376E-002	1,093764164862468E-003
284		1,742954557615045E-002	1,093764164862468E-003
285		1,611106152217369E-002	1,093764164862468E-003
286		9,147345054533816E-003	1,045372610551887E-003
287		5,503991893244512E-003	1,025719603134401E-003
288		7,852327224927461E-003	1,025719603134401E-003
289		2,191933902134596E-002	1,025719603134401E-003
290		2,908900256848934E-002	1,024492002935374E-003
291		8,811524285842615E-003	1,024492002935374E-003
292		1,073336257050519E-002	1,016963585249318E-003
293		5,942480311793175E-003	1,016794843772511E-003
294		2,226609212312119E-002	1,016794843772511E-003
295		9,710244927296885E-003	1,016604963280615E-003
296		5,776778695415655E-003	1,014100168388497E-003
297		1,501579764713378E-002	1,014100168388497E-003
298		7,841277570667911E-003	1,014097624871416E-003
299		1,549370062090234E-002	1,011293474366685E-003
300		1,264055193030126E-002	9,846286238889212E-004
301		7,290162690725585E-003	9,676057095794617E-004
302		8,705574898486536E-003	9,503441253528788E-004
303		1,227946958953007E-002	9,387485689095925E-004
304		1,135434139712974E-002	9,387485689095925E-004
305		3,914565046751035E-003	8,942430418656250E-004
306		5,813317008677022E-003	8,942250150371635E-004
307		1,367834207082752E-002	8,942250150371635E-004
308		1,133082893226450E-002	8,942250150371635E-004
309		4,146487416729310E-003	8,942250150371635E-004
310		9,675741026328205E-003	8,942250150371635E-004
311		2,387600354541007E-002	8,942250150371635E-004
312		2,039962094369035E-002	8,942250150371635E-004
313		7,936271243499115E-003	8,583953483104560E-004
314		4,116685289957456E-003	8,201790333608556E-004
315		5,357135148394274E-003	8,201790333608556E-004
316		3,502583912493033E-003	8,196934738674736E-004
317		5,168997664729715E-003	8,196934738674736E-004
318		7,770693625724637E-003	8,196232935129777E-004
319		1,512970704664957E-002	8,196232935129777E-004
320		1,043387579067141E-002	8,196232935129777E-004
321		4,335896662216703E-003	8,196232935129777E-004
322		1,049518037062473E-002	8,196232935129777E-004
323		1,667875151961421E-002	8,178111372034456E-004
324		1,486240503928469E-002	8,178111372034456E-004
325		4,769820167416980E-002	8,178079840327263E-004
326		1,634658084922998E-002	8,178079840327263E-004
327		1,420010197703441E-002	8,178079840327263E-004
328		3,145503230522873E-002	8,178079840327263E-004
329		1,718130037352167E-002	8,178079840327263E-004
330		1,267566222423527E-001	8,177921532156240E-004
331		8,480707272580452E-002	8,177921532156240E-004
332		3,835558341031843E-002	8,145206146158551E-004
333		1,833886915369704E-002	8,145206146158551E-004
334		8,422582151515293E-003	8,145206146158551E-004
335		1,021427271247691E-002	8,145206146158551E-004
336		1,305653589225219E-002	8,144309032048524E-004
337		2,087177391006358E-002	8,109181944186162E-004
338		1,411828393987206E-002	8,109181944186162E-004
339		1,929518467209041E-002	8,109181944186162E-004
340		6,396516545792251E-003	8,106074814654744E-004
341		1,173922141699776E-002	8,007329156251879E-004
342		3,180840248067329E-003	7,852765829610970E-004
343		7,205518601654338E-003	7,852765829610970E-004
344		1,395147605783847E-002	7,852765829610970E-004
345		3,091694557092818E-002	7,750002445113547E-004
346		6,217348604605729E-003	7,734367892302807E-004
347		5,522242415888430E-003	7,734367892302807E-004
348		2,022367335921938E-002	7,718949615207695E-004
349		1,121560024346661E-002	7,715256126781553E-004
350		6,099510128931443E-003	7,715251503482554E-004
351		8,656612845329886E-002	7,715251503482554E-004
352		2,019930655168760E-002	7,696667481758606E-004
353		3,763890612820214E-003	7,576884826409224E-004
354		2,273214713533644E-003	7,467677890482918E-004
355		7,264823900185562E-003	7,467677890482918E-004
356		9,157945711974036E-003	7,466881000846383E-004
357		5,262252985227065E-003	7,466881000846383E-004
358		6,730009466890762E-003	7,321561063464997E-004
359		5,463529619861010E-003	7,215121164043788E-004
360		4,837702524248219E-003	7,215121164043788E-004
361		3,686363293247855E-003	7,213410530488662E-004
362		1,492769993708577E-002	7,207792920445215E-004
363		1,260932563626715E-002	7,149090419781667E-004
364		6,040883246933447E-003	7,149090419781667E-004
365		2,827302315221358E-003	7,048743354357258E-004
366		1,591064753879795E-002	7,048743354357258E-004
367		3,611868717268590E-003	6,973924978350455E-004
368		5,956317883437851E-003	6,973220565359522E-004
369		5,587562744724526E-003	6,973220565359522E-004
370		4,304031469143321E-003	6,959080529311999E-004
371		7,678400785609421E-003	6,934401029593489E-004
372		2,483752327687448E-003	6,826235632138823E-004
373		6,798200838155627E-003	6,759466875187819E-004
374		2,143618503697488E-003	6,758956805962554E-004
375		2,310604961640904E-003	6,610179209023726E-004
376		4,404062074770287E-003	6,531173121494935E-004
377		7,274261633875842E-003	6,503229792262650E-004
378		1,348048383401491E-002	6,503229792262650E-004
379		8,574096690090979E-003	6,492699203371753E-004
380		1,708138904198278E-002	6,404700184022277E-004
381		1,235569278013565E-002	6,359446357701527E-004
382		1,033748534990049E-002	6,313368715489191E-004
383		9,468964221441653E-003	6,308844182212266E-004
384		5,826063737773697E-003	6,295544357087321E-004
385		6,273417816652677E-003	6,214518646013506E-004
386		1,877487297149018E-002	6,214466679426218E-004
387		5,775914858857275E-003	6,204082760143142E-004
388		1,033556524886152E-002	6,203881438385312E-004
389		1,161617333959707E-002	6,203881438385312E-004
390		1,221374221970713E-002	6,198046060022403E-004
391		3,944710449010072E-003	6,146879817305120E-004
392		2,603645321106396E-003	6,131585810285914E-004
393		6,194813118824824E-003	6,131585810285914E-004
394		3,392813582926864E-003	5,972117143166467E-004
395		3,418252869612293E-003	5,972117143166467E-004
396		4,458680024934642E-003	5,972117143166467E-004
397		3,606253265660854E-003	5,972117143166467E-004
398		1,402695395309131E-003	5,891409172296799E-004
399		7,388419371373385E-003	5,867387015276107E-004
400		2,744887270064687E-002	5,867387015276107E-004
401		1,465260869867366E-003	5,686695910437810E-004
402		2,309884288234456E-003	5,604015076303039E-004
403		1,498461922759069E-003	5,544079064477868E-004
404		1,700703288315097E-003	5,544079064477868E-004
405		2,255647236126972E-003	5,544079064477868E-004
406		1,686380717344051E-003	5,544079064477868E-004
407		3,244371456930886E-003	5,544079064477868E-004
408		3,712529973484769E-003	5,544079064477868E-004
409		1,651284872111433E-003	5,544079064477868E-004
410		2,417277394816715E-003	5,544079064477868E-004
411		2,102680602755361E-003	5,544079064477868E-004
412		2,265801466188072E-003	5,535190917564380E-004
413		2,167081510408505E-003	5,534118460981386E-004
414		2,559879790071596E-003	5,506280502714792E-004
415		1,759952333043791E-003	5,394822383441205E-004
416		1,266439085474681E-003	5,380219091261584E-004
417		9,194149374164151E-004	5,327652789573500E-004
418		2,478157931043721E-003	5,298128746331732E-004
419		6,879052149839093E-003	5,263260219814355E-004
420		2,260386848431740E-003	5,182191011105635E-004
421		1,573067710832950E-003	5,133571682447269E-004
422		6,159522679491951E-003	5,099249323378647E-004
423		8,323280432229112E-004	4,679080078887873E-004
424		1,135225871311935E-003	4,630961474626352E-004
425		5,234426065089206E-004	4,408381231574436E-004
426		1,437216238595147E-003	4,408381231574436E-004
427		9,996815237616103E-004	4,406724910054303E-004
428		2,374737116205491E-003	4,406724910054303E-004
429		8,231900017136417E-004	3,988190069172724E-004
430		2,747685986973142E-003	3,958047256044849E-004
431		1,822341619210405E-003	3,958047256044849E-004
432		2,310320377138130E-003	3,958047256044849E-004
433		3,898850049823877E-003	3,958047256044849E-004
434		4,332488423338241E-003	3,958047256044849E-004
435		3,049427255169887E-003	3,958047256044849E-004
436		7,156765352292451E-003	3,958047256044849E-004
437		2,973776468181484E-002	3,958047256044849E-004
438		2,177001928616021E-003	3,958047256044849E-004
439		2,891175936194317E-003	3,934196441693484E-004
440		2,841000126026196E-003	3,912254051373541E-004
441		2,381054671619025E-003	3,790465110267443E-004
442		8,592565251836581E-003	3,755679240137530E-004
443		1,181516638618617E-002	3,755679240137530E-004
444		4,675406531272857E-003	3,755679240137530E-004
445		1,951782894651439E-002	3,753789157323109E-004
446		7,235597464744390E-003	3,753789157323109E-004
447		7,200020162857778E-003	3,739282784227330E-004
448		3,944488042254478E-003	3,721279580469716E-004
449		1,736937586399286E-002	3,721279580469716E-004
450		3,895443085521430E-003	3,715453011046200E-004
451		3,580426635395486E-003	3,593334472992287E-004
452		1,509756535480187E-002	3,563520491506470E-004
453		5,002125365916515E-003	3,557195098031307E-004
454		6,830376596080955E-003	3,552575630830574E-004
455		1,882574387974286E-003	3,291569342197467E-004
456		6,399780804072374E-003	3,291569342197467E-004
457		6,157127078119137E-003	3,283887383787191E-004
458		6,318377247388009E-003	3,283887383787191E-004
459		3,013801243453313E-003	3,267600891045461E-004
460		2,298196400858244E-003	3,231103729246746E-004
461		3,247366444811370E-003	3,168417846424681E-004
462		2,954509581365839E-003	3,095279359995249E-004
463		1,420260419537469E-003	3,090145114015699E-004
464		1,595927397768666E-003	3,090145114015699E-004
465		1,794579822069401E-003	3,088222822010903E-004
466		1,592275953509956E-003	3,050120294259712E-004
467		1,370813253163375E-003	3,033243309923222E-004
468		7,237771462611784E-003	3,033243309923222E-004
469		1,904827970072657E-003	2,952127908258598E-004
470		2,776385834131641E-003	2,952127908258598E-004
471		1,513475215947263E-003	2,952127899090626E-004
472		1,853789271876370E-003	2,952127899090626E-004
473		2,321227695176694E-003	2,952127899090626E-004
474		4,745653132816572E-003	2,950777091479774E-004
475		2,111802965240991E-003	2,949054254587179E-004
476		2,113224696851826E-003	2,905284552455720E-004
477		4,942397346866716E-003	2,905284552455720E-004
478		4,864397259785071E-003	2,865898010080852E-004
479		1,396484930582209E-003	2,696617885996741E-004
480		4,357498897614222E-003	2,696617885996741E-004
481		4,798566631887580E-003	2,675626935645302E-004
482		3,149789094134670E-003	2,675626935645302E-004
483		1,748674851799188E-003	2,675626935645302E-004
484		1,964267433086249E-003	2,675626935645302E-004
485		7,793664104727610E-004	2,661941905607451E-004
486		6,855156904378900E-004	2,659692043292537E-004
487		6,987344618636947E-004	2,659609396594788E-004
488		7,997029025899129E-004	2,659609396594788E-004
489		1,659487628510572E-003	2,645517388205886E-004
490		1,157529947714166E-003	2,610995615447468E-004
491		8,181057882251114E-004	2,608808616834165E-004
492		1,058311128729768E-003	2,608808616834165E-004
493		3,775042410268893E-003	2,608783421303612E-004
494		9,249583151282795E-004	2,608783421303612E-004
495		1,125873355495469E-003	2,608783421303612E-004
496		4,031097614204690E-003	2,607973403755954E-004
497		5,916549686173177E-003	2,607960340287217E-004
498		8,173807619539118E-004	2,607960340287217E-004
499		2,463081679521153E-003	2,607960340287217E-004
500		7,125053370917826E-003	2,607960340287217E-004
501		3,004512100072184E-003	2,601514925130920E-004
502		3,936954845995730E-003	2,599145594518097E-004
503		2,412125449917930E-003	2,599145594518097E-004
504		3,376385725624855E-003	2,598743621643753E-004
505		2,831485785184629E-003	2,593522556002316E-004
506		1,375625933165126E-002	2,593402339843513E-004
507		5,030032123047039E-003	2,593044691858782E-004
508		4,596192133911321E-003	2,593044691858782E-004
509		5,555118000951977E-003	2,593044691858782E-004
510		5,506035014238204E-003	2,593044691858782E-004
511		8,488199537851137E-003	2,593044691858782E-004
512		4,117922448375376E-003	2,593032944974344E-004
513		2,050628887592575E-003	2,575638255579119E-004
514		1,671058289034909E-003	2,575375397342033E-004
515		2,415569805742038E-003	2,575375397342033E-004
516		6,171521406219983E-003	2,574797284399672E-004
517		1,633999995599368E-003	2,501160534179623E-004
518		1,187083958701620E-003	2,482274848181695E-004
519		1,370782618680775E-003	2,482274848181695E-004
520		2,090097760893040E-003	2,384839430704717E-004
521		1,630217486810859E-003	2,356517490644370E-004
522		1,181818960178815E-002	2,356517490644370E-004
523		1,686937240850256E-003	2,347541909394925E-004
524		1,414967373861405E-003	2,323484977959123E-004
525		1,737623300701033E-003	2,323484540131239E-004
526		1,337977984956479E-003	2,307730739986225E-004
527		6,143653347610953E-004	2,234440743007993E-004
528		6,094269896661226E-004	2,234429981348604E-004
529		7,819037839994856E-004	2,234429981348604E-004
530		1,487302923024053E-003	2,230064817142751E-004
531		1,007301527087069E-003	2,228284440829499E-004
532		2,499726607450745E-003	2,221791045891855E-004
533		2,444460693245560E-003	2,220807669344918E-004
534		1,747787667003879E-003	2,220807669344918E-004
535		2,674449777564134E-003	2,220807669344918E-004
536		3,586029838959713E-003	2,220807669344918E-004
537		2,188052466999177E-003	2,220807669344918E-004
538		1,751492488183765E-003	2,220807669344918E-004
539		9,291940805600130E-003	2,217129105955107E-004
540		1,805596405107422E-003	2,197380851390833E-004
541		1,886172757008778E-003	2,042253765726880E-004
542		1,506664263556035E-003	1,985327958421857E-004
543		2,093412959246228E-003	1,985327958421857E-004
544		1,389928180454480E-003	1,985327958421857E-004
545		1,101213921609015E-003	1,974552019632180E-004
546		2,015288272099198E-003	1,949427759222473E-004
547		1,188479788877551E-003	1,945330395431128E-004
548		6,605997801308568E-004	1,870679205217943E-004
549		4,067715372557305E-004	1,855992105655684E-004
550		5,472950527831921E-004	1,855992105655684E-004
551		7,813832411957300E-004	1,855992105655684E-004
552		2,788094662913689E-003	1,855389620090439E-004
553		6,845611122950714E-004	1,799511289598376E-004
554		7,828325462454181E-004	1,799511289598376E-004
555		2,101634379160168E-003	1,799511289598376E-004
556		3,864643915758226E-004	1,732175610355262E-004
557		1,143910434618247E-003	1,625041425737520E-004
558		1,042579866607562E-003	1,625041425737520E-004
559		2,185165444678779E-003	1,625041425737520E-004
560		2,813617824149335E-003	1,611613394132564E-004
561		2,465910307201881E-003	1,593831956896834E-004
562		2,995942083273600E-003	1,578517152573551E-004
563		1,637298400990813E-003	1,575974825484782E-004
564		8,859937213053768E-004	1,575974825484782E-004
565		7,524735571190095E-004	1,570756631148453E-004
566		1,654057984781638E-003	1,528137867767455E-004
567		3,121347808485021E-004	1,490937004933902E-004
568		8,185525577977217E-004	1,458196490393430E-004
569		9,974031733814871E-004	1,458181853924873E-004
570		1,485024886178774E-003	1,450198297662153E-004
571		5,809516128933037E-004	1,440940916258962E-004
572		1,354387152134197E-003	1,440940916258962E-004
573		5,622826216652677E-004	1,439562841441579E-004
574		3,853307690313558E-004	1,430348704387939E-004
575		3,248159386471171E-004	1,313840968565312E-004
576		1,989856912982951E-003	1,313502733482500E-004
577		2,771247922650063E-003	1,311570362350301E-004
578		1,388696996464493E-003	1,311570362350301E-004
579		5,251794050729764E-004	1,241603665888690E-004
580		3,171382527212509E-004	1,232378898465170E-004
581		4,042915774447288E-004	1,195183646360245E-004
582		2,719765449099255E-004	1,194515103930092E-004
583		4,179874723184567E-004	1,194515103930092E-004
584		2,660162139684201E-004	1,163806338784645E-004
585		1,991948753377744E-004	1,136958649257696E-004
586		1,594053739686882E-004	9,526797365194055E-005
587		1,781944688225072E-004	9,523952248944791E-005
588		1,889222084192526E-004	9,420618565667664E-005
589		1,802389437932067E-004	9,420618565667664E-005
590		4,581281426556945E-004	9,420618565667664E-005
591		5,255147620698682E-004	9,420618565667664E-005
592		4,243614060357801E-004	8,958164104678786E-005
593		1,894002782675055E-004	7,879567399240564E-005
594		3,304833150550801E-004	7,878944638112008E-005
595		3,571372300210318E-004	7,878944638112008E-005
596		2,699590449512345E-004	7,827011630147893E-005
597		1,733230451134115E-004	7,565511644155809E-005
598		1,609598804550699E-004	7,526956368569003E-005
599		2,315412910317002E-004	7,491881680881994E-005
600		2,739242230104496E-004	7,483274321838263E-005
601		2,236052886754437E-004	7,451608509926370E-005
602		2,814791382501743E-004	7,451608509926370E-005
603		2,911630500794768E-004	7,362846126531091E-005
604		1,490209218825681E-004	7,173012338089359E-005
605		2,272854726025995E-004	7,165438394924143E-005
606		9,235303722350747E-005	6,612624656379812E-005
607		7,223177975491002E-005	5,939814556745127E-005
608		1,720619321338693E-004	5,698086657229470E-005
609		2,608758528524022E-004	5,651864487193008E-005
610		3,607756091883724E-004	5,317020408288201E-005
611		3,199846509953496E-004	5,269548763405965E-005
612		1,523902871965125E-003	5,258617714699778E-005
613		2,988885220704146E-004	5,258617714699778E-005
614		2,467600209906426E-004	5,258617714699778E-005
615		2,563905683526334E-004	5,221863882052043E-005
616		6,633355291097451E-004	5,221863882052043E-005
617		5,289409375068198E-004	5,221863882052043E-005
618		2,237209306622052E-004	5,220185502317407E-005
619		3,094429031467934E-004	5,220185502317407E-005
620		4,879082625257235E-004	5,152302105872459E-005
621		1,344154538324228E-003	5,135159437227938E-005
622		4,585248700883482E-004	5,119375761149280E-005
623		8,697085544397344E-004	5,119375761149280E-005
624		6,010249662274302E-004	5,095689740853215E-005
625		1,443776159772823E-003	5,095689740853215E-005
626		7,140820201071180E-004	4,984062963726286E-005
627		1,273485489946959E-003	4,984062963726286E-005
628		2,464829927646034E-003	4,984062963726286E-005
629		9,199157432905209E-004	4,984062963726286E-005
630		6,840937616455388E-004	4,983822905272085E-005
631		3,296170890885323E-004	4,983749651509657E-005
632		3,748645934361706E-004	4,982406647322619E-005
633		4,102445064071019E-004	4,982406647322619E-005
634		5,981021241561032E-004	4,982406647322619E-005
635		7,418891441645435E-004	4,982406647322619E-005
636		3,760705983085978E-004	4,967081472815392E-005
637		3,804052051905846E-004	4,844964508315369E-005
638		7,261661809120330E-004	4,839059017371710E-005
639		8,895727633899948E-004	4,839059017371710E-005
640		1,108764632373383E-003	4,828108146949773E-005
641		2,768433624983782E-003	4,828108146949773E-005
642		1,254360951701187E-003	4,815700705700997E-005
643		9,438343108526843E-004	4,805864079999674E-005
644		8,351562804260322E-004	4,724054647403477E-005
645		7,371092572392061E-004	4,706670335744122E-005
646		2,036157799672354E-003	4,706670335744122E-005
647		8,008215680703071E-004	4,659466369447346E-005
648		1,260090860978894E-003	4,647172738037019E-005
649		1,019090573687470E-002	4,647172738037019E-005
650		8,580944078090778E-004	4,647172738037019E-005
651		7,003016687152227E-004	4,640761186407385E-005
652		1,000067809775733E-003	4,640638855171420E-005
653		8,803484647560513E-004	4,621727899025616E-005
654		8,606239433181466E-004	4,621727899025616E-005
655		5,351610030428005E-003	4,619309951907193E-005
656		1,505608918951835E-003	4,619309951907193E-005
657		8,668977249488735E-004	4,609795483589136E-005
658		7,663548612815058E-004	4,609764314303267E-005
659		1,582024909764448E-003	4,609764314303267E-005
660		2,083309548170552E-003	4,608196734752363E-005
661		1,125916870179398E-003	4,608196734752363E-005
662		1,410497545598140E-003	4,607514870504464E-005
663		1,418127930954756E-003	4,607491074949869E-005
664		1,016488778940428E-003	4,605967042336960E-005
665		1,732925537764006E-003	4,589536587799738E-005
666		5,843070236650484E-004	4,589536587799738E-005
667		4,215141876455977E-004	4,589445627892984E-005
668		4,735989606791678E-004	4,581119890856204E-005
669		7,129603649242917E-004	4,581119890856204E-005
670		5,409346560580347E-004	4,577575915818576E-005
671		6,632193882652001E-004	4,577575915818576E-005
672		1,234103403690629E-003	4,577575915818576E-005
673		7,671399341524166E-004	4,503384052254782E-005
674		5,567419791575434E-004	4,500037838269542E-005
675		7,901572509773166E-004	4,453482842318847E-005
676		6,025258624118273E-004	4,453058183530316E-005
677		5,218365257988097E-004	4,451868250649400E-005
678		3,169938731062405E-004	4,451775177678410E-005
679		4,785742683258308E-004	4,448033218035848E-005
680		7,521933389632832E-004	4,448033218035848E-005
681		2,918184283038235E-004	4,448033218035848E-005
682		3,398733562907985E-004	4,448033218035848E-005
683		4,888678119124816E-004	4,448033218035848E-005
684		9,120482074571480E-004	4,448033218035848E-005
685		7,477274927955652E-004	4,447496922580703E-005
686		9,699883199397100E-004	4,447394110173157E-005
687		1,733745069748261E-003	4,442438452209213E-005
688		8,728206518169670E-004	4,428970807298688E-005
689		7,830622958186896E-004	4,372542853172851E-005
690		4,504450231330509E-004	4,327531662174837E-005
691		5,863002863289662E-004	4,324052681959091E-005
692		1,070379320390095E-003	4,324052681959091E-005
693		1,797341057319418E-003	4,324052681959091E-005
694		3,795090581573908E-004	4,301770387891395E-005
695		3,106829670191973E-004	4,275740950612112E-005
696		4,253653522746863E-004	4,218975930330908E-005
697		1,569458600292860E-004	4,205970454791148E-005
698		2,352239721852923E-004	4,205970454791148E-005
699		1,868057918169319E-003	4,195968085137991E-005
700		2,370223365905291E-004	4,195968085137991E-005
701		1,313022233638445E-004	4,130624887098011E-005
702		1,460565652518662E-004	4,125491041120548E-005
703		4,758021453163089E-004	4,125491041120548E-005
704		1,889966732789222E-004	4,125491041120548E-005
705		1,574760812177104E-004	4,125491041120548E-005
706		2,602633882499308E-004	4,125491041120548E-005
707		3,333306674383626E-004	4,125491041120548E-005
708		4,167306169644549E-004	4,125491041120548E-005
709		6,739495720927416E-004	4,125491041120548E-005
710		3,688936313564459E-004	4,122026754027813E-005
711		5,231791719537631E-004	4,122026754027813E-005
712		8,022861327789344E-004	4,122026754027813E-005
713		9,894235219922961E-004	4,121026613677734E-005
714		1,414562167269492E-003	4,111543321637847E-005
715		1,086722412421239E-003	4,105948628621475E-005
716		2,306285973100634E-003	4,099984944982576E-005
717		1,016171448628441E-003	4,099375560938849E-005
718		1,292248030612590E-003	4,099375560938849E-005
719		1,922647011824735E-003	4,075757703627512E-005
720		2,538980107464635E-003	4,075757703627512E-005
721		1,067250190663867E-003	4,075757703627512E-005
722		9,365971602722613E-004	4,075757703627512E-005
723		8,877230764827139E-004	4,075757703627512E-005
724		6,484123985743231E-004	4,075757703627512E-005
725		9,793580042617434E-004	4,075757703627512E-005
726		2,611613153393338E-003	4,075757703627512E-005
727		7,265849551627092E-004	4,075757703627512E-005
728		4,604631822796626E-004	4,075757703627512E-005
729		5,164084080497947E-004	4,075757703627512E-005
730		1,227509807464590E-003	4,075757703627512E-005
731		1,357212496354344E-003	4,075757703627512E-005
732		1,011975823581214E-003	4,075757703627512E-005
733		8,145412067602583E-004	4,075757703627512E-005
734		1,700189158599973E-003	4,075757703627512E-005
735		1,277506365094049E-003	4,075757703627512E-005
736		2,613011526805026E-003	4,075757703627512E-005
737		5,956486363772296E-004	4,075757703627512E-005
738		4,547111213098916E-004	4,075757703627512E-005
739		3,942979054373273E-004	4,075567621317559E-005
740		5,521636827045032E-004	4,075198186901381E-005
741		2,423883616007238E-003	4,075198186901381E-005
742		1,024199234738566E-003	4,075198186901381E-005
743		7,029603901069729E-004	4,075198186901381E-005
744		1,815872216557102E-003	4,075198186901381E-005
745		6,562520158906703E-004	4,075198186901381E-005
746		8,415208910275907E-004	4,075198186901381E-005
747		6,689496145497023E-004	4,075198186901381E-005
748		6,140250945813630E-004	4,075198186901381E-005
749		4,420747704235678E-004	4,075198186901381E-005
750		7,009300837196692E-004	4,075198186901381E-005
751		3,364220764597372E-003	4,075198186901381E-005
752		8,744306745477542E-004	4,075198186901381E-005
753		6,345254691387084E-004	4,075198186901381E-005
754		7,191621878223372E-004	4,075198186901381E-005
755		1,391685886204049E-003	4,075198186901381E-005
756		8,692094751912353E-004	4,075198186901381E-005
757		9,318942364798258E-002	4,074725142519029E-005
758		3,225798388147778E-003	4,074725142519029E-005
759		4,021642474474883E-003	4,074725142519029E-005
760		1,843697083140969E-003	4,074725142519029E-005
761		3,989835753468849E-003	4,074725142519029E-005
762		5,767074160601500E-004	4,074725142519029E-005
763		1,036571263874904E-003	4,074725142519029E-005
764		1,077744334338010E-003	4,074725142519029E-005
765		7,415335526622108E-004	4,074725142519029E-005
766		1,168197987277326E-003	4,074276481813456E-005
767		4,294458637408193E-003	4,072205869260118E-005
768		2,546655255841401E-003	4,072205869260118E-005
769		1,004716852061837E-003	4,072205869260118E-005
770		7,356718623227806E-004	4,071971291652297E-005
771		7,373198657925831E-004	4,071645642931281E-005
772		6,930256158950154E-004	4,071540564819892E-005
773		5,874193042249907E-004	4,071540564819892E-005
774		6,416414738951717E-004	4,071495911102646E-005
775		9,648526235854174E-004	4,071441025037102E-005
776		8,258063593061904E-004	4,070787967721076E-005
777		1,178666841121696E-003	4,070787967721076E-005
778		1,680008937479686E-003	4,069971351226256E-005
779		2,586916138083178E-003	4,069652607738590E-005
780		1,904128035047764E-003	4,069652607738590E-005
781		1,396271710329308E-003	4,069652607738590E-005
782		7,686144024858626E-004	4,069652607738590E-005
783		1,868875958343313E-003	4,069652607738590E-005
784		3,008352275661474E-003	4,069652607738590E-005
785		1,748449624916980E-003	4,069650704073514E-005
786		1,149664274932063E-003	4,069650704073514E-005
787		1,075126571838582E-003	4,057928394313982E-005
788		5,267226451441210E-004	4,045058946529946E-005
789		5,638216544998403E-004	4,045058365652638E-005
790		1,745762475125721E-003	4,045058365652638E-005
791		1,259868057897406E-003	4,045058365652638E-005
792		1,104781826216694E-003	4,043714118874533E-005
793		1,348919673979535E-003	4,043377696143047E-005
794		3,348542944645867E-004	4,042051373799761E-005
795		6,468797699223375E-004	4,041713181260590E-005
796		1,769469906829733E-004	4,027828208741582E-005
797		1,640860171103129E-004	4,014994151720841E-005
798		1,683941752763945E-004	4,014978847346227E-005
799		2,493383394764211E-004	4,014297420209385E-005
800		3,836461968397138E-004	4,014297420209385E-005
801		1,847173713606892E-004	4,013818979952223E-005
802		2,133727414213450E-004	4,013818979952223E-005
803		2,516453181117346E-004	4,005997065897045E-005
804		2,855196635969754E-004	3,999952282429538E-005
805		6,865653684389566E-004	3,999532650203792E-005
806		2,005778341190300E-003	3,999532650203792E-005
807		1,054859450990897E-003	3,999532650203792E-005
808		1,063481303787979E-003	3,983333446248440E-005
809		5,764790519160659E-004	3,902275652738164E-005
810		7,810193759700587E-004	3,870146089874676E-005
811		5,875448924763823E-004	3,860006557452859E-005
812		7,015160558996318E-004	3,858696641274746E-005
813		6,870154863084361E-004	3,858696641274746E-005
814		1,185457100286976E-003	3,855578813595937E-005
815		7,261269010027463E-004	3,839155774596986E-005
816		2,283949255344326E-003	3,839155774596986E-005
817		4,853721939225322E-003	3,831059227447976E-005
818		8,108034630762279E-004	3,823425900689279E-005
819		3,793387546547533E-004	3,758669459080098E-005
820		1,199765839235494E-003	3,758669459080098E-005
821		1,901029994204359E-003	3,758669459080098E-005
822		8,632072348265980E-004	3,756173074465416E-005
823		1,516656543033989E-003	3,756173074465416E-005
824		1,582732169278126E-003	3,756173074465416E-005
825		1,532587916752165E-003	3,755823438316138E-005
826		1,591821592051563E-002	3,747848147811746E-005
827		9,940514986917811E-004	3,747848147811746E-005
828		1,069679830963300E-003	3,747848147811746E-005
829		7,798106344111501E-004	3,740165364116653E-005
830		5,758864695014573E-004	3,726752177760910E-005
831		1,069527560851790E-003	3,726752177760910E-005
832		1,621180715092647E-003	3,726752177760910E-005
833		3,378363070693295E-004	3,713475310608884E-005
834		4,655020666507610E-004	3,713475276626915E-005
835		5,584027893074048E-004	3,713447746713332E-005
836		5,618287076755871E-004	3,711027434784973E-005
837		1,745483783624984E-003	3,711027434784973E-005
838		2,494205036670320E-004	3,685233782900268E-005
839		8,533491010508107E-004	3,685153184136772E-005
840		1,505157312126174E-003	3,685153184136772E-005
841		9,112180310783220E-004	3,684424453289238E-005
842		2,375319013996562E-003	3,681459176743627E-005
843		1,518719365350059E-003	3,681459176743627E-005
844		2,059731967408161E-003	3,681041807583353E-005
845		8,074935831713852E-004	3,679650144982888E-005
846		9,040692520348021E-004	3,678693420159575E-005
847		8,888050708181923E-004	3,678693420159575E-005
848		8,220940854552188E-004	3,662009601548686E-005
849		3,274789764980850E-004	3,634629132621564E-005
850		2,728545907899437E-004	3,632048654015210E-005
851		5,617870058684478E-004	3,632043718464307E-005
852		3,931846088473868E-004	3,630232523310587E-005
853		1,470133277753177E-003	3,622999316377264E-005
854		1,477753329661626E-003	3,622268166268770E-005
855		2,542266975494718E-003	3,622268166268770E-005
856		1,681309503360485E-003	3,622268166268770E-005
857		2,399018805282086E-003	3,622268166268770E-005
858		5,933592770094065E-003	3,621128095396509E-005
859		1,055229668163579E-003	3,621128095396509E-005
860		4,130346250250471E-003	3,620933643367280E-005
861		1,075468379093954E-003	3,620277234202564E-005
862		5,378378765461793E-004	3,607151010525548E-005
863		5,644028947373465E-004	3,599657470364260E-005
864		9,731763053142967E-004	3,599585090573182E-005
865		1,641262913574181E-003	3,599585090573182E-005
866		9,953990381316167E-004	3,598515068944959E-005
867		8,320604579988343E-004	3,598515068944959E-005
868		4,726196660927541E-004	3,560942920752684E-005
869		1,845940404659988E-004	3,504658233653596E-005
870		2,918120770474567E-004	3,504413361528021E-005
871		4,012997261397570E-004	3,504413361528021E-005
872		7,384681668086781E-004	3,504413361528021E-005
873		2,920098299609177E-004	3,487886770388541E-005
874		7,780302401026828E-004	3,487886770388541E-005
875		2,800348414814892E-004	3,473340931097438E-005
876		1,557941501586086E-004	3,412414405290889E-005
877		1,108420246164633E-004	3,339121595688229E-005
878		2,722992233038169E-004	3,339121595688229E-005
879		6,539528984969449E-005	3,218162892583441E-005
880		1,573682847731646E-004	3,218162892583441E-005
881		2,036714237944647E-004	3,218162892583441E-005
882		1,091474056842628E-004	3,196314813859856E-005
883		6,910727964532822E-005	3,166481202283108E-005
884		2,759049818296194E-004	3,166481202283108E-005
885		9,130865465364384E-005	3,166481202283108E-005
886		9,342554483197005E-005	3,166481202283108E-005
887		3,909346351808058E-004	3,166481202283108E-005
888		8,392130849176113E-005	3,162697579503082E-005
889		1,085773091546064E-004	3,156803498455539E-005
890		1,492496078935896E-004	3,156803498455539E-005
891		2,631174309414183E-004	3,156803498455539E-005
892		1,627129124578320E-004	3,151286534855830E-005
893		9,681633069479928E-005	3,140308627992313E-005
894		7,633551937821686E-005	3,109366078919701E-005
895		6,571725326232971E-005	3,098512558915971E-005
896		8,116775854177356E-005	3,098424221985028E-005
897		8,022233317493810E-005	3,045970832856253E-005
898		9,426883750939067E-005	3,015718026705273E-005
899		6,284723196875806E-005	3,014652416727369E-005
900		1,163018632673337E-004	3,002036229071078E-005
901		1,534418126437816E-004	2,977447988874693E-005
902		2,418269814482827E-004	2,977447988874693E-005
903		2,560655907402540E-004	2,977447988874693E-005
904		1,319356064996909E-004	2,953730750426792E-005
905		9,876056606104314E-005	2,947956692067555E-005
906		2,087011352630557E-004	2,947956692067555E-005
907		1,703469518499870E-004	2,947956692067555E-005
908		5,027740169286517E-004	2,931672900546973E-005
909		8,122277013519375E-005	2,897851837292902E-005
910		2,363164300117548E-004	2,890835199782725E-005
911		5,060565122712041E-004	2,890693806187685E-005
912		6,981746979657290E-004	2,890385672102729E-005
913		1,099623359374380E-003	2,890385418683704E-005
914		3,615709812515603E-004	2,875115207617634E-005
915		4,275159235350627E-004	2,874783205452631E-005
916		1,316245221484560E-003	2,871737415062075E-005
917		2,658721687224387E-004	2,871737415062075E-005
918		1,178521000500892E-004	2,836957528804151E-005
919		1,611737026649262E-004	2,836957528804151E-005
920		2,076659216120112E-004	2,836957528804151E-005
921		2,956250484161319E-004	2,836957528804151E-005
922		1,703713407361042E-004	2,834787376563230E-005
923		8,951751409065557E-005	2,769753576140330E-005
924		1,519190595606266E-004	2,762360711515487E-005
925		3,885387017390046E-004	2,723498303882958E-005
926		2,796677429004906E-004	2,703781094604029E-005
927		5,316177286852019E-004	2,703781094604029E-005
928		2,727447270950538E-004	2,703781094604029E-005
929		3,837096327214689E-004	2,701463676177535E-005
930		2,413990852512342E-003	2,701463676177535E-005
931		1,738944071658060E-003	2,701463676177535E-005
932		1,252141542616171E-003	2,701463676177535E-005
933		9,698216993567282E-004	2,701463676177535E-005
934		3,209672229798522E-003	2,699865669522451E-005
935		4,447194414588259E-004	2,669674853340798E-005
936		1,271587004771014E-003	2,666870236433484E-005
937		2,871375876335594E-003	2,664452527504616E-005
938		9,385655506278948E-004	2,664452527504616E-005
939		5,712688991563964E-004	2,664452527504616E-005
940		6,401810991230851E-004	2,664452527504616E-005
941		8,244379365957755E-004	2,664452527504616E-005
942		6,445998155613267E-004	2,664452527504616E-005
943		7,547938835488869E-004	2,664452527504616E-005
944		5,056070924734669E-004	2,664452527504616E-005
945		1,402820822756789E-003	2,664437367086714E-005
946		9,031334932064661E-004	2,664437367086714E-005
947		1,714026011548787E-003	2,662854933244318E-005
948		1,176872006946512E-003	2,662031094358663E-005
949		2,048079572209152E-003	2,662031094358663E-005
950		3,727567932455412E-003	2,660207780166075E-005
951		8,188423013013039E-003	2,660207780166075E-005
952		2,417766186021409E-003	2,658698951612887E-005
953		4,152252088977323E-003	2,647445602877507E-005
954		7,597595169821701E-004	2,647390379943590E-005
955		1,705013325273650E-003	2,646835493612889E-005
956		9,589131232532460E-004	2,644761830118429E-005
957		1,078768159784243E-003	2,643730937993580E-005
958		7,406987779176937E-004	2,643730937993580E-005
959		9,228327897117107E-004	2,643730937993580E-005
960		4,516290431682083E-004	2,643730937993580E-005
961		1,265268313079168E-003	2,637276262675166E-005
962		5,286292014835135E-004	2,635135227668395E-005
963		7,531198589468435E-004	2,624869322885566E-005
964		6,226235679801948E-004	2,618630288736787E-005
965		1,367361377469209E-003	2,614715704608068E-005
966		9,841450796974603E-004	2,608048957804567E-005
967		1,091828272716585E-003	2,607682936655324E-005
968		3,313748504518454E-003	2,607682936655324E-005
969		3,525878556528563E-003	2,607682936655324E-005
970		2,293959345972825E-003	2,607682936655324E-005
971		1,344404102818591E-003	2,604855552346771E-005
972		1,340657672257913E-003	2,602199859486704E-005
973		1,195522331770567E-003	2,602129604152233E-005
974		1,966848145827624E-003	2,602129604152233E-005
975		8,161887801716077E-004	2,602129073595203E-005
976		6,004622132201600E-004	2,601822051965473E-005
977		4,256315982051778E-004	2,566702287289663E-005
978		2,791656203015404E-004	2,556608250971131E-005
979		3,380190114097788E-004	2,533266960875220E-005
980		2,774146332811982E-004	2,533266960875220E-005
981		3,902899460467217E-004	2,533266960875220E-005
982		1,348612078271654E-003	2,533266960875220E-005
983		1,197676938986198E-003	2,533266960875220E-005
984		2,380416990384841E-003	2,533266960875220E-005
985		6,314841888880643E-004	2,533266960875220E-005
986		1,414441462859696E-003	2,533266960875220E-005
987		1,607303797437526E-003	2,533266960875220E-005
988		2,287260630156400E-003	2,533266960875220E-005
989		3,069626343783847E-003	2,533187449239220E-005
990		2,526908149214216E-003	2,533187449239220E-005
991		7,047613114687176E-004	2,530860173492234E-005
992		1,929373669477972E-003	2,529753424877008E-005
993		1,385785835723073E-003	2,529652067695961E-005
994		1,108870676291523E-003	2,529608704802658E-005
995		8,088198434797917E-004	2,529581007575421E-005
996		1,026873218663641E-003	2,529579293626745E-005
997		5,559355835100613E-004	2,523025410343686E-005
998		1,113969052577364E-003	2,522918447944247E-005
999		1,025014790326867E-003	2,522324008331860E-005
1000		1,091912729076661E-003	2,522324008331860E-005
1001		1,353006695042368E-003	2,522324008331860E-005
1002		5,108027558016606E-004	2,504280980176543E-005
1003		5,871607669762093E-004	2,496313752996188E-005
1004		2,343479040400664E-003	2,492791542719728E-005
1005		3,296704044744055E-004	2,485555650991741E-005
1006		2,827741895828998E-004	2,482590359584312E-005
1007		6,180906103490708E-004	2,482414127925011E-005
1008		8,573822186612269E-004	2,481686813508571E-005
1009		2,566743713874672E-003	2,481296253098781E-005
1010		9,740263857303110E-004	2,481296253098781E-005
1011		2,481744701784226E-004	2,473192302390711E-005
1012		7,649973141611062E-004	2,473192302390711E-005
1013		4,040630078922738E-004	2,462779070645679E-005
1014		4,130764805915615E-004	2,462100761232857E-005
1015		8,683120512632421E-004	2,462100761232857E-005
1016		1,245018770976119E-003	2,462100761232857E-005
1017		2,819031769458012E-004	2,454995217154690E-005
1018		1,856138872924654E-004	2,432270708981495E-005
1019		1,228210026361618E-004	2,400899199886392E-005
1020		5,775517107102796E-004	2,400897451440181E-005
1021		2,009791557360041E-004	2,370322706396909E-005
1022		6,048069303716044E-004	2,360630054367807E-005
1023		4,482357919202320E-004	2,356530699333313E-005
1024		5,524537179982539E-004	2,348984820162752E-005
1025		4,066071525475445E-004	2,347116348953362E-005
1026		1,163533092379553E-003	2,346210217450385E-005
1027		3,877580452447014E-004	2,346210217450385E-005
1028		2,268967067025343E-004	2,346130106211532E-005
1029		3,522445473862860E-004	2,345614953943049E-005
1030		1,375072979777214E-003	2,345614953943049E-005
1031		3,260099464616606E-004	2,343383536082907E-005
1032		9,056014633612791E-004	2,343023388536636E-005
1033		1,015239555660202E-003	2,335612817797057E-005
1034		6,453280511700094E-004	2,330694279813176E-005
1035		1,130952345286460E-003	2,330694279813176E-005
1036		1,812021191007771E-003	2,330694279813176E-005
1037		7,752809493661107E-004	2,330694279813176E-005
1038		3,137353770678358E-004	2,330694279813176E-005
1039		2,775192104985564E-004	2,330694279813176E-005
1040		4,942581421690498E-004	2,330694279813176E-005
1041		3,671576608625990E-004	2,330694279813176E-005
1042		4,062807940885159E-004	2,330694279813176E-005
1043		4,119682062352044E-004	2,330694279813176E-005
1044		1,048353415745606E-003	2,330694279813176E-005
1045		3,601013680392087E-004	2,330694279813176E-005
1046		2,471578762002947E-004	2,330694279813176E-005
1047		3,302795412507587E-004	2,330694279813176E-005
1048		2,751447879400894E-004	2,330694279813176E-005
1049		4,325486343346286E-004	2,322856687359090E-005
1050		1,228767203511143E-003	2,322856687359090E-005
1051		3,654404913403796E-004	2,322856687359090E-005
1052		6,624326334129595E-004	2,321330273949192E-005
1053		4,921378930938248E-004	2,319963145064418E-005
1054		4,085861468069546E-004	2,319963145064418E-005
1055		2,560297387747639E-004	2,319505916173815E-005
1056		2,228875889503143E-004	2,318979772071403E-005
1057		2,031886769196169E-004	2,318817172481924E-005
1058		5,034385701196103E-004	2,318817172481924E-005
1059		2,743582811136016E-004	2,318817172481924E-005
1060		3,783939409706955E-004	2,316899832102216E-005
1061		2,816005596234517E-004	2,316899832102216E-005
1062		3,736616096888699E-004	2,316899832102216E-005
1063		5,686941902987822E-004	2,314008539433148E-005
1064		6,285634494522651E-004	2,314008539433148E-005
1065		5,252912072906715E-004	2,313712365040257E-005
1066		2,668707310553052E-004	2,312724629696039E-005
1067		9,873650407841359E-004	2,312724629696039E-005
1068		1,327515905466806E-003	2,309954305169348E-005
1069		2,028402066501306E-003	2,309827847362728E-005
1070		1,926314915167589E-003	2,309827847362728E-005
1071		1,267629908649081E-003	2,308023515330301E-005
1072		2,523419097612045E-003	2,307848947963747E-005
1073		1,697207607320858E-003	2,306435348673613E-005
1074		6,822145861867895E-004	2,305306983017764E-005
1075		4,481931403829032E-004	2,296652329842424E-005
1076		7,623258216618677E-004	2,296652329842424E-005
1077		7,060979770123522E-004	2,296652329842424E-005
1078		7,019195490854415E-004	2,295827565619782E-005
1079		5,997771156835439E-004	2,290942600190664E-005
1080		3,817723257503692E-004	2,288245954023046E-005
1081		6,363543533708981E-004	2,288069361699666E-005
1082		2,350266890865167E-004	2,283394826825933E-005
1083		2,338970445781244E-004	2,281874545974632E-005
1084		2,505006924091202E-004	2,279846458434049E-005
1085		3,143689270305910E-004	2,279846458434049E-005
1086		2,297122951232831E-004	2,276368180625773E-005
1087		2,492188656546012E-004	2,276368180625773E-005
1088		3,178402685184197E-004	2,276368180625773E-005
1089		5,369354937062497E-004	2,276199404563032E-005
1090		1,206460961402097E-003	2,275766405358697E-005
1091		3,113147122613056E-004	2,269347639221807E-005
1092		1,418180655486385E-004	2,243787850619792E-005
1093		1,683350628609187E-004	2,243785809329913E-005
1094		8,802263137187639E-004	2,243399647352313E-005
1095		6,835808208663659E-004	2,239562961557452E-005
1096		5,890709311378926E-004	2,237218503669492E-005
1097		2,207584318757897E-004	2,223741180059127E-005
1098		8,733264918050567E-005	2,204578855609627E-005
1099		7,567077111973324E-005	2,158667520293409E-005
1100		1,301439474680303E-004	2,158667520293409E-005
1101		1,161162983529024E-004	2,158667520293409E-005
1102		5,358582227783477E-004	2,158667520293409E-005
1103		3,236557336102781E-004	2,158667520293409E-005
1104		1,498228237588124E-004	2,158667520293409E-005
1105		1,558264347688696E-004	2,155602070933883E-005
1106		1,332839220888812E-004	2,148023353625118E-005
1107		1,649954006046767E-004	2,145515574819242E-005
1108		3,352852479277470E-004	2,143748551518197E-005
1109		1,875075544144721E-003	2,143748551518197E-005
1110		3,623726301069144E-004	2,143748551518197E-005
1111		3,268296788221728E-004	2,143429741213579E-005
1112		5,097262465493517E-004	2,143101559035661E-005
1113		2,118519624354963E-004	2,143092329226010E-005
1114		4,727740818273029E-004	2,143082026139026E-005
1115		1,775428364970950E-004	2,119876311309932E-005
1116		1,524892793822911E-004	2,116862797718178E-005
1117		2,061293760495929E-004	2,114780708736427E-005
1118		3,006289891647134E-004	2,114772733690701E-005
1119		3,353011898286476E-004	2,113406194355506E-005
1120		2,987148818059583E-004	2,113134841573646E-005
1121		2,561224465683545E-004	2,113134841573646E-005
1122		6,110296860538351E-004	2,101609925153081E-005
1123		4,675801278326509E-004	2,099132783255340E-005
1124		6,424987870292976E-004	2,093067945849965E-005
1125		1,279228257059905E-003	2,093066458932139E-005
1126		4,605080837130667E-004	2,090532996979096E-005
1127		2,121457701977683E-004	2,071899759326233E-005
1128		1,202979984322604E-003	2,066238097049349E-005
1129		4,686341807311296E-004	2,060255161228970E-005
1130		3,005114566178552E-004	2,058752029694870E-005
1131		4,630221119159596E-004	2,057911007120764E-005
1132		3,774472195573438E-004	2,057430268786305E-005
1133		2,472945431394929E-004	2,036058174061020E-005
1134		2,654822367244665E-004	2,024289958495966E-005
1135		1,910746236094545E-003	2,024289958495966E-005
1136		2,961476533039951E-004	2,015296670865546E-005
1137		4,535068273978572E-004	2,015296670865546E-005
1138		2,843647643698933E-004	2,013659197148087E-005
1139		9,262399046210711E-004	2,013536925570436E-005
1140		4,669811926533482E-004	2,012868312870283E-005
1141		2,720657504512855E-004	2,003468434757417E-005
1142		4,437682902349362E-004	2,003466162541930E-005
1143		4,020298653270860E-004	1,997756975762179E-005
1144		6,029131720550749E-004	1,995399544572037E-005
1145		3,041050907704461E-004	1,994776923894132E-005
1146		2,939502901081939E-004	1,992496285873833E-005
1147		3,010249415666421E-004	1,991422443648342E-005
1148		2,117942378846340E-004	1,986142158423751E-005
1149		2,070653610167688E-004	1,985901435553014E-005
1150		7,893517520527899E-004	1,966925076758459E-005
1151		1,305822381154109E-004	1,946319265665897E-005
1152		3,084848563255355E-004	1,946319265665897E-005
1153		1,597524075285599E-004	1,936107258544510E-005
1154		2,041292657670805E-004	1,915093853054060E-005
1155		1,084912978786210E-003	1,903229799007598E-005
1156		1,238501215844386E-003	1,899404465771878E-005
1157		3,757652280387217E-004	1,897609263095882E-005
1158		2,493835584144106E-004	1,896481125041855E-005
1159		1,545885820329524E-004	1,895872330887113E-005
1160		8,417251077538895E-005	1,869712334318707E-005
1161		9,020667290364404E-005	1,869712334318707E-005
1162		1,181406288762140E-004	1,869712334318707E-005
1163		2,188326640887241E-004	1,849510675703665E-005
1164		2,582074975096096E-004	1,849510675703665E-005
1165		3,844123969622148E-004	1,849432291680868E-005
1166		3,134488136400902E-004	1,834979334056053E-005
1167		2,650889866411990E-004	1,834979334056053E-005
1168		3,569790378356985E-004	1,812492233194770E-005
1169		1,738425899425340E-004	1,806506993649497E-005
1170		2,455164827124451E-004	1,806506993649497E-005
1171		2,916476294284708E-004	1,804038218385634E-005
1172		1,890372023225913E-004	1,801755538466966E-005
1173		3,267313176046257E-004	1,801755538466966E-005
1174		2,866578525902494E-004	1,798841690108695E-005
1175		1,038385931105155E-004	1,745289281757231E-005
1176		1,926922239775662E-004	1,732408492501427E-005
1177		2,302024924135269E-004	1,732408492501427E-005
1178		4,328553039678021E-004	1,732408492501427E-005
1179		2,819780404051017E-004	1,732408492501427E-005
1180		3,317362149450987E-004	1,732404143457839E-005
1181		1,780129670866808E-004	1,732404143457839E-005
1182		1,621268327779836E-004	1,732404143457839E-005
1183		5,208452366718319E-004	1,732404143457839E-005
1184		2,278681264009315E-004	1,727260992794832E-005
1185		7,445196001374440E-005	1,694411858973557E-005
1186		6,890014461153203E-005	1,679135648836166E-005
1187		5,404982179754735E-005	1,640678455739388E-005
1188		1,078755099268698E-004	1,640678455739388E-005
1189		1,115761863715165E-004	1,639391874951562E-005
1190		1,893699587125067E-004	1,639391874951562E-005
1191		1,565522585230171E-004	1,626944421021348E-005
1192		1,524748394867463E-004	1,626579756404580E-005
1193		1,092495781695092E-004	1,626579756404580E-005
1194		1,130380370698467E-004	1,626579756404580E-005
1195		2,513023347371051E-004	1,626579756404580E-005
1196		3,107481773542979E-004	1,626051895010322E-005
1197		3,074822027931484E-004	1,626051895010322E-005
1198		1,967756209854900E-004	1,626051895010322E-005
1199		1,757579835824152E-004	1,625284124531925E-005
1200		1,027050635485123E-004	1,625284124531925E-005
1201		1,344721104376281E-004	1,625211898273223E-005
1202		2,586519537726910E-004	1,622482514436835E-005
1203		3,174569988574029E-004	1,622482514436835E-005
1204		5,276702566255519E-004	1,621680370843975E-005
1205		6,547646271703886E-004	1,618615481307594E-005
1206		2,417610652229040E-004	1,606176771661733E-005
1207		1,627636770611582E-003	1,606176771661733E-005
1208		1,120147816623551E-003	1,606176771661733E-005
1209		9,309756387676162E-004	1,606176771661733E-005
1210		1,361638652240374E-003	1,605282009022294E-005
1211		2,761426654141006E-004	1,602378385016086E-005
1212		5,097325988531557E-004	1,575980387260689E-005
1213		1,416242489895490E-004	1,568471599946287E-005
1214		9,741620035120340E-005	1,564882286805094E-005
1215		1,749929949968817E-004	1,564882286805094E-005
1216		1,188701702139453E-004	1,544085977945402E-005
1217		7,621533531085581E-005	1,542272817004693E-005
1218		4,927400825844368E-005	1,522983357316001E-005
1219		4,983757859091399E-005	1,522982866314614E-005
1220		7,108353148040912E-005	1,513931403040754E-005
1221		1,719932256349145E-004	1,513931403040754E-005
1222		1,620924328570351E-004	1,513931403040754E-005
1223		2,310309312465131E-004	1,513931403040754E-005
1224		1,325030421793465E-003	1,513931403040754E-005
1225		2,821427252047305E-004	1,500761164501102E-005
1226		3,850307910918238E-004	1,500761164501102E-005
1227		3,744420242156114E-004	1,500761164501102E-005
1228		6,341377757030461E-004	1,500761164501102E-005
1229		3,326281444150789E-004	1,500748769044978E-005
1230		3,574968542970481E-004	1,500748769044978E-005
1231		2,367909452072334E-004	1,497778605938014E-005
1232		1,131416256395902E-004	1,491942067961117E-005
1233		7,831257850771938E-005	1,469286746439894E-005
1234		7,029543033521126E-005	1,469286746439894E-005
1235		1,462512844339154E-004	1,468960101627244E-005
1236		2,470648199368079E-004	1,468960101627244E-005
1237		7,751146712970559E-005	1,468960101627244E-005
1238		1,138734083218292E-004	1,466376216302174E-005
1239		1,120718449422218E-004	1,465898368712474E-005
1240		2,735258020642028E-004	1,462373575873131E-005
1241		9,457766888539417E-005	1,462373575873131E-005
1242		1,982616072816969E-004	1,461997944739219E-005
1243		1,555902821936773E-004	1,456168354821701E-005
1244		9,139117417418781E-005	1,456168354821701E-005
1245		2,275565377334848E-004	1,456168354821701E-005
1246		6,027549332258209E-004	1,447403926911766E-005
1247		2,149337167416597E-004	1,437767103636958E-005
1248		4,790326545481502E-004	1,414538145521223E-005
1249		1,904111133864583E-004	1,413813619228410E-005
1250		1,837666448079015E-004	1,413813619228410E-005
1251		5,609364611749489E-005	1,397130160091189E-005
1252		4,333631557162651E-005	1,391630623639922E-005
1253		5,872038873131627E-005	1,391630623639922E-005
1254		1,057457629059446E-004	1,381876627350581E-005
1255		5,236690536047754E-005	1,361026985641179E-005
1256		6,044380023790135E-005	1,305613079219086E-005
1257		2,947171271341893E-005	1,201423969025705E-005
1258		2,502023534965272E-005	1,115016933501362E-005
1259		2,759057405744957E-005	1,037101556762213E-005
1260		3,115828260677096E-005	1,027794632137162E-005
1261		3,776288351619657E-005	1,022436985688764E-005
1262		1,289589623733040E-004	1,016081244269750E-005
1263		7,669774351338778E-005	1,005113588183575E-005
1264		3,630574089986580E-005	1,002581601622890E-005
1265		2,921404182961598E-005	1,001665049285891E-005
1266		2,057073023120200E-005	9,774371021899003E-006
End iteration: 1267 		 ||f - Ax^j|| / ||r^0||: 9,77437102190221E-06
