Method: COCG
SLAE Number: 2
Threads: 12
Smoothing: ResidualSmoothing
Total time: 96364 ms
Total iterations: 1268

End iteration: 1268 		 ||f - Ax^j|| / ||r^0||: 8,77295418630726E-06

Iteration	Residual		SmoothedResidual
---------	---------		---------------
1		7,755598375485248E-001	5,717639851191156E-001
2		2,874283918882108E-001	2,417166773156035E-001
3		4,438053320357004E-001	1,998219505394425E-001
4		2,856923262226330E-001	1,598244686798534E-001
5		4,843119217275398E-001	1,575288515234655E-001
6		5,695214167922263E-001	1,124604227587184E-001
7		2,171222695097596E-001	9,887673392367119E-002
8		6,577788736940094E-001	9,803322088480378E-002
9		2,812346751805232E-001	9,561062553599731E-002
10		2,237411983304932E-001	8,736431855668204E-002
11		2,987893807009155E-001	8,083372545856671E-002
12		1,588375520982084E-001	6,980265928279378E-002
13		1,956188261920138E-001	6,768573698823664E-002
14		3,065676364412837E+000	6,768573698823664E-002
15		2,216906379155789E-001	6,205900297659981E-002
16		1,386035076976211E-001	5,935321490484732E-002
17		2,859392464452756E-001	5,903304237118855E-002
18		2,157085738289185E-001	5,521004005746431E-002
19		9,877542008091232E-002	5,093638896392903E-002
20		3,350944906422119E-001	5,064465923378383E-002
21		6,526547658601253E-002	4,810348569065963E-002
22		2,234173654936795E-001	4,810348569065963E-002
23		3,567662607622110E-001	4,810348569065954E-002
24		2,713181560801143E-001	4,618449889138269E-002
25		6,541897057934765E-001	4,614738581253736E-002
26		2,785236622454388E-001	4,608895185790619E-002
27		3,387578160758073E-001	4,608895185790619E-002
28		2,550746704130589E-001	4,591085558148606E-002
29		2,192707946585248E-001	4,591085558148613E-002
30		3,005033136356782E-001	4,568436405627781E-002
31		1,691219417632188E-001	4,551797045061723E-002
32		4,872735218138677E-001	4,551797045061717E-002
33		3,052417844501760E-001	3,991787698914904E-002
34		3,725355528041150E-001	3,991787698914911E-002
35		4,638576200447271E-001	3,991032940020188E-002
36		1,218079809668016E-001	3,854910982316877E-002
37		5,176044961620675E-001	3,819593224353884E-002
38		2,157509045038467E-001	3,087231864259775E-002
39		3,124707647014860E-001	2,784859354313241E-002
40		3,333442020945550E-001	2,784859354313248E-002
41		5,864016451131774E-001	2,771952457540144E-002
42		4,188082094096621E-001	2,764903293035290E-002
43		6,800788757060259E-001	2,764903293035287E-002
44		3,010485086255090E+000	2,764903293035287E-002
45		5,303075722121397E+000	2,708518164051470E-002
46		2,479775827341787E-001	2,662850405375385E-002
47		1,248692114959180E-001	2,608019002012877E-002
48		1,195790053195726E-001	2,607928673143629E-002
49		1,296429185256101E-001	2,607928673143630E-002
50		1,539006584689548E-001	2,582278749681095E-002
51		1,745508822965322E-001	2,582278749681092E-002
52		2,357624822763154E-001	2,582278749681094E-002
53		1,130082245113977E-001	2,580465416143613E-002
54		1,097613263719879E-001	2,580465416143617E-002
55		1,274155681402766E-001	2,580465416143616E-002
56		1,365273920704502E-001	2,580465416143617E-002
57		9,899759734037622E-002	2,580465416143616E-002
58		1,758015651609975E-001	2,580465416143614E-002
59		2,147253442798736E-001	2,580465416143615E-002
60		1,031405624437683E-001	2,580465416143615E-002
61		3,919310268178838E-001	2,580465416143613E-002
62		1,799047839521226E-001	2,498996947604969E-002
63		8,907383573833634E-002	2,391448035468655E-002
64		1,973956333016927E-001	2,352971228576058E-002
65		1,567406977257188E-001	2,352971228576058E-002
66		6,763005673583217E-002	2,286351779695618E-002
67		6,533263732522671E-002	2,263780270975170E-002
68		1,831964096624552E-001	2,263780270975175E-002
69		4,294516343882314E-001	2,263780270975173E-002
70		9,285861078759802E-002	2,263780270975174E-002
71		7,821291687834775E-002	2,261952445658391E-002
72		8,491708874279084E-002	2,200960802264175E-002
73		4,481271859394427E-002	1,910246843649020E-002
74		1,641432249306867E-001	1,910246843649020E-002
75		2,785914952803302E-001	1,910246843649018E-002
76		3,738035480379651E-001	1,910246843649020E-002
77		7,479027511033174E-001	1,751555573262959E-002
78		2,211789197001336E-001	1,734055674713402E-002
79		4,320424852922397E-001	1,732533307031273E-002
80		3,393349635277202E-001	1,732533307031272E-002
81		2,616535480714965E-001	1,702905108159818E-002
82		1,545460873013513E-001	1,700891704719489E-002
83		1,524998853809310E-001	1,649004991344307E-002
84		2,541113358119206E-001	1,567975139837833E-002
85		6,233371250235767E-002	1,518122235983855E-002
86		2,441711050497627E-001	1,518122235983856E-002
87		1,522077803981976E-001	1,421442942030370E-002
88		3,049422710266303E-001	1,420313735735820E-002
89		1,635106359437658E-001	1,408883420260874E-002
90		1,369125322675968E-001	1,404011287097168E-002
91		3,506704684071706E-002	1,169934688218687E-002
92		3,934199851092517E-001	1,157508264417181E-002
93		2,141944818869453E-001	1,153980665883496E-002
94		1,787164813656237E-001	1,097222664022002E-002
95		5,251068293006807E-002	1,096938251352235E-002
96		1,258999496092776E-001	1,096938251352233E-002
97		1,150621536923243E-001	1,094912149073232E-002
98		2,004293536680602E-001	1,094912149073231E-002
99		1,779935734236897E-001	1,094912149073232E-002
100		5,912049522755778E-002	1,081216887518384E-002
101		7,299702220026315E-002	1,081216887518382E-002
102		6,047678710677291E-001	1,079019235780756E-002
103		1,280935022833143E-001	1,077103144443342E-002
104		1,387197226355050E-001	1,058023743711634E-002
105		1,015563930812236E-001	1,054324262892564E-002
106		1,656738463931089E-001	1,054324262892564E-002
107		1,159443983735722E-001	1,054186725495731E-002
108		8,981757118122320E-002	1,053139515183947E-002
109		2,286443079877357E-001	1,053139515183947E-002
110		1,391386716009892E-001	1,052979324022758E-002
111		1,806961758956910E-001	1,052979324022757E-002
112		3,153870100575484E-001	1,052979324022756E-002
113		3,371896547600753E-001	1,052938935042471E-002
114		5,422500193583148E-002	1,028167006307175E-002
115		3,196968871224368E-001	1,028167006307175E-002
116		4,423955982337365E-001	1,028167006307175E-002
117		3,750794746663887E-002	1,015092082768053E-002
118		4,611905278559372E-002	1,014506240261067E-002
119		4,674755902421443E-002	1,003488462779139E-002
120		2,542974211372541E-002	9,779929333777025E-003
121		1,543756807955380E-002	9,394308731977115E-003
122		3,973107000642772E-002	9,394308731977111E-003
123		4,450256302945692E-002	9,394308731977113E-003
124		3,297470956875842E-002	9,222205760612761E-003
125		5,879957330532445E-002	9,167659092519001E-003
126		9,184422805851158E-002	9,134949633538931E-003
127		7,407476938264312E-002	8,954941206968372E-003
128		2,968534365588819E-002	8,731494188366686E-003
129		1,127774654259646E-001	8,731494188366691E-003
130		1,649468746479697E-001	8,707055615363108E-003
131		1,119161638590115E-001	8,538642590877398E-003
132		6,594012002134073E-002	8,538300855307037E-003
133		3,295241955455436E-002	8,538195853313861E-003
134		8,065673053833544E-002	8,455522860047382E-003
135		4,340886439101790E-002	8,285414339389317E-003
136		2,758058565252730E-002	8,180254076272184E-003
137		5,894769244052230E-002	7,987616716860709E-003
138		2,716708030224459E-002	7,982218411220630E-003
139		2,077280044187320E-002	7,972727757520311E-003
140		3,683073141419077E-002	7,972727757520308E-003
141		1,461638171513181E-002	6,953359363226460E-003
142		1,137257541449285E-002	6,628141840376536E-003
143		4,385822782184834E-003	4,316866884009624E-003
144		4,848270953989990E-003	4,308475025979057E-003
145		4,527066189065552E-003	4,196890261721749E-003
146		6,220665848359625E-003	4,183216250533665E-003
147		7,487958430652845E-003	4,183216250533655E-003
148		1,070054533457432E-002	4,176757462602198E-003
149		2,752957462903307E-002	4,154252333673903E-003
150		1,550655478494799E-002	4,154252333673897E-003
151		9,603337881960881E-002	4,152655830286990E-003
152		1,295302901265733E-001	4,114118241774054E-003
153		4,921861565623539E-002	4,058583633629028E-003
154		3,464666949475485E-002	4,044227562569410E-003
155		9,438852270842302E-002	3,974161317791900E-003
156		2,950660295811162E-002	3,949088479963046E-003
157		1,902875939106307E-002	3,850863691943005E-003
158		2,174078454474281E-002	3,829992333263804E-003
159		1,637232099361569E-002	3,804132211757601E-003
160		1,280670838527965E-002	3,481003882398340E-003
161		8,075349188893953E-003	3,407686666495622E-003
162		4,089063304328623E-003	3,001719311513044E-003
163		1,736698635503751E-002	3,001719311513040E-003
164		9,992363086279980E-003	2,907187997740885E-003
165		1,116955433102342E-002	2,907187997740884E-003
166		3,601497939966747E-003	2,789358178967487E-003
167		5,380112409935092E-003	2,703588526663898E-003
168		5,589413110363875E-003	2,691100278600324E-003
169		8,732390840700816E-003	2,679945112650725E-003
170		1,884237463230497E-002	2,677070366710499E-003
171		7,390857112620240E-003	2,582384766709364E-003
172		1,166732989397254E-002	2,582384766709368E-003
173		9,046482228400338E-003	2,309174483738069E-003
174		4,729799175646181E-003	2,105836788256905E-003
175		6,361490180458982E-003	2,105836788256905E-003
176		5,567251736064779E-003	2,046648569969744E-003
177		2,920215763099826E-003	1,880324314404296E-003
178		4,020215110704181E-003	1,880324314404296E-003
179		7,538507730046982E-003	1,880324314404294E-003
180		7,630370671215275E-003	1,880324314404295E-003
181		1,272005998231197E-002	1,880324314404296E-003
182		1,158623712273141E-002	1,848765967348518E-003
183		1,029286424325221E-002	1,848765967348519E-003
184		2,469965563889899E-002	1,848765967348521E-003
185		1,453567909216116E-002	1,744582659366260E-003
186		1,200381346280186E-002	1,689820328447860E-003
187		3,084714030901831E-002	1,689820328447860E-003
188		1,228330939589539E-002	1,689820328447858E-003
189		1,671963066128685E-002	1,689291385231228E-003
190		7,538428098248355E-003	1,684196568623359E-003
191		6,944265069256269E-003	1,684189827370413E-003
192		3,039296175285868E-003	1,676233172668973E-003
193		5,801621828119207E-003	1,671677368815011E-003
194		5,284943331037269E-002	1,617843004445599E-003
195		1,318510626838864E-002	1,615740899453810E-003
196		5,154920360542534E-003	1,596213484791800E-003
197		1,093816672285658E-002	1,596213484791801E-003
198		2,369312324492023E-002	1,596213484791799E-003
199		2,481652123282709E-002	1,596213484791800E-003
200		7,894439784008288E-003	1,579518867205159E-003
201		5,030239236156994E-003	1,577456285673731E-003
202		1,015661212749639E-002	1,575206262025274E-003
203		1,124317113166084E-002	1,510511762478804E-003
204		2,103127945521388E-002	1,488310769188197E-003
205		2,587006199704382E-002	1,477168556283707E-003
206		2,109542386821248E-002	1,477168556283709E-003
207		1,170228868887514E-002	1,470598200513214E-003
208		7,489923683139353E-003	1,469581277539360E-003
209		8,710855147277763E-003	1,469046360886535E-003
210		7,376432449859886E-003	1,466725572269234E-003
211		8,761772002135012E-003	1,460238055594163E-003
212		7,128071285063462E-003	1,460082527619546E-003
213		5,098235698026075E-003	1,373115222820169E-003
214		2,625134587528079E-003	1,320819120590853E-003
215		4,067150893109584E-003	1,320819120590854E-003
216		2,781378502257034E-003	1,320819120590852E-003
217		3,449809548948512E-003	1,310867854567938E-003
218		5,095775922856734E-003	1,305994116350286E-003
219		1,009246307851519E-002	1,305211681624955E-003
220		9,456859677518399E-003	1,301325565508165E-003
221		5,544530779212872E-003	1,297003033423797E-003
222		1,561243600479939E-002	1,297003033423797E-003
223		6,170983280606745E-003	1,296746506509585E-003
224		4,839392636302834E-003	1,294310073340865E-003
225		3,911390198075768E-003	1,292893029958449E-003
226		4,524429061731936E-003	1,287503961745384E-003
227		5,189600478047171E-003	1,281186631500098E-003
228		4,416128054166027E-003	1,269097964798301E-003
229		2,967574032955791E-003	1,263727259558508E-003
230		7,412079763807116E-003	1,256051953008808E-003
231		2,768275435780410E-003	1,251377448681241E-003
232		7,480157599893015E-003	1,251377448681241E-003
233		5,298960141281369E-003	1,251377448681242E-003
234		1,056458863087097E-002	1,251377448681241E-003
235		4,501942021842551E-003	1,251377448681242E-003
236		5,257516104023465E-003	1,250115874055512E-003
237		2,489231025074834E-003	1,223360097006896E-003
238		4,529979866783647E-003	1,222765461344508E-003
239		2,948191959556045E-003	1,203808114171501E-003
240		2,928787389445913E-003	1,185336623417937E-003
241		4,800506751917668E-003	1,185336623417936E-003
242		3,404350171120047E-003	1,185336623417937E-003
243		4,139143527872211E-003	1,185336623417937E-003
244		4,359338725894642E-003	1,184685019546306E-003
245		6,312614773440965E-003	1,184685019546306E-003
246		1,466849015432356E-002	1,184559094210945E-003
247		8,117947245294431E-003	1,183382018802463E-003
248		1,762257052081800E-002	1,183382018802466E-003
249		2,317110990463407E-002	1,183382018802463E-003
250		3,943360563623899E-002	1,183307513384445E-003
251		1,868314620484088E-002	1,180721972895731E-003
252		2,328190287248613E-002	1,180721972895730E-003
253		2,254470531383983E-002	1,179668840585668E-003
254		9,824263724375825E-003	1,179343528000097E-003
255		1,476102279458344E-002	1,179343528000097E-003
256		1,550422186997158E-002	1,179230361557697E-003
257		9,758416906273413E-003	1,179230361557698E-003
258		5,265598982242584E-003	1,176330715214814E-003
259		1,433891197104099E-002	1,176330715214814E-003
260		3,164437140760185E-002	1,176330715214815E-003
261		2,538720419996207E-002	1,176176748282507E-003
262		3,740884233322275E-002	1,168850492484290E-003
263		1,320199501227169E-002	1,160006397975837E-003
264		9,655944491489049E-003	1,149039282193569E-003
265		2,288599034733431E-002	1,149039282193570E-003
266		2,691964779126158E-002	1,149039282193569E-003
267		1,162903959477609E-002	1,133280494132757E-003
268		2,248630909712750E-002	1,126533061241948E-003
269		1,975368160427712E-002	1,123345683278352E-003
270		3,665315308025965E-002	1,123345683278352E-003
271		4,522820841374645E-002	1,113785593080757E-003
272		3,119908918968016E-002	1,108521862087726E-003
273		7,998114180406839E-002	1,108412689758062E-003
274		3,371249883844286E-002	1,108407870630935E-003
275		3,005121541724830E-002	1,108407870630935E-003
276		2,607912813831535E-002	1,108407870630934E-003
277		2,023984562591769E-002	1,106042855588865E-003
278		1,851227861993823E-001	1,106042855588867E-003
279		1,118772195171601E-002	1,105424499475286E-003
280		1,030312527387058E-002	1,098407679710136E-003
281		1,137801319802043E-002	1,096627593777788E-003
282		2,569147514441570E-002	1,096627593777786E-003
283		3,603930327333184E-002	1,096129503022611E-003
284		1,586528386636172E-002	1,096129503022610E-003
285		1,518758725034509E-002	1,096129503022611E-003
286		9,512463347357522E-003	1,049430269868969E-003
287		6,038200093471034E-003	1,027956211201656E-003
288		8,266972371838771E-003	1,027956211201657E-003
289		1,670116054611553E-002	1,027956211201658E-003
290		2,544176372736798E-002	1,021237340607347E-003
291		8,478182089258471E-003	1,021237340607348E-003
292		8,056773114373837E-003	1,016593742842732E-003
293		8,712681171231890E-003	1,016444618055915E-003
294		2,885662143603577E-002	1,016260901829867E-003
295		8,956806498469248E-003	1,014912403716693E-003
296		5,825211643509089E-003	1,013325980229731E-003
297		1,498605264673506E-002	1,013325980229730E-003
298		7,824785599166611E-003	1,013325610688707E-003
299		1,555067927840911E-002	1,011165963087137E-003
300		1,282919432358014E-002	9,863456534767731E-004
301		7,433176778901238E-003	9,666053633834584E-004
302		8,604111182513169E-003	9,498055472813310E-004
303		1,059578861827572E-002	9,402646003520881E-004
304		1,021872077818548E-002	9,402646003520879E-004
305		4,147827384699807E-003	9,029785827020769E-004
306		5,807934338954030E-003	9,029785827020768E-004
307		1,354206523134633E-002	9,029785827020766E-004
308		1,265109789794213E-002	9,029785827020757E-004
309		4,688224080839022E-003	9,029785827020756E-004
310		1,139107485495439E-002	9,029785827020748E-004
311		2,091082765738614E-002	9,029785827020760E-004
312		1,550651654294371E-002	9,029785827020760E-004
313		8,638920258266895E-003	8,632474802227278E-004
314		4,352894615627313E-003	8,315132527324388E-004
315		8,865458054272775E-003	8,315132527324412E-004
316		3,564866744015404E-003	8,311966052172486E-004
317		5,169569322484431E-003	8,311556102650431E-004
318		8,269039010963838E-003	8,311556102650440E-004
319		1,300810746789688E-002	8,311556102650438E-004
320		8,107842509294718E-003	8,311556102650447E-004
321		4,365071760088477E-003	8,298788236659589E-004
322		9,611157418064543E-003	8,298788236659601E-004
323		1,484057081150804E-002	8,264223767205125E-004
324		1,413148787537817E-002	8,264223767205118E-004
325		1,092259036006736E-001	8,263440026540648E-004
326		1,729840077662043E-002	8,263440026540634E-004
327		2,107051727882565E-002	8,263440026540638E-004
328		2,682436351665779E-002	8,263440026540650E-004
329		2,269608917827987E-002	8,263440026540635E-004
330		5,824996005209312E-002	8,263385209412420E-004
331		8,721014075248916E-002	8,263385209412408E-004
332		3,453000603856713E-002	8,223932152548994E-004
333		1,874375620532792E-002	8,223932152548996E-004
334		7,526950294605247E-003	8,223932152548991E-004
335		1,109690544902326E-002	8,223932152548994E-004
336		1,140213698120288E-002	8,223932152548990E-004
337		1,895376032085290E-002	8,204106031188446E-004
338		3,293080861836380E-002	8,195395437949573E-004
339		4,776827451239125E-002	8,190668197737786E-004
340		7,192536483992425E-003	8,189815563569654E-004
341		1,175376573280057E-002	8,110487473365722E-004
342		4,263495413071400E-003	8,058438618286400E-004
343		6,917072528404351E-003	8,011995942136545E-004
344		1,200857113701571E-002	8,011755809381491E-004
345		1,210416741408192E-002	7,990675413518601E-004
346		6,527747588107874E-003	7,985954881854625E-004
347		6,476598233018434E-003	7,985954881854625E-004
348		1,513356348756023E-002	7,981878515480310E-004
349		1,318965708919894E-002	7,972993066397932E-004
350		6,854399021628268E-003	7,970436066560188E-004
351		2,155578411012712E-002	7,968741238508948E-004
352		5,538214016822712E-003	7,876127146518761E-004
353		3,510492908162446E-003	7,785970534930351E-004
354		2,438969405704513E-003	7,730503309066838E-004
355		1,026395688381838E-002	7,730503309066826E-004
356		1,018430112717876E-002	7,706493645202832E-004
357		4,278041108350198E-003	7,627668149950697E-004
358		7,053520745672876E-003	7,588315002333207E-004
359		5,246580944263315E-003	7,293599403964540E-004
360		4,121825817536880E-003	7,260325473184605E-004
361		3,620237525944462E-003	7,260325473184608E-004
362		1,421608778281083E-002	7,260325473184609E-004
363		1,326604663309176E-002	7,223718223967791E-004
364		5,938737688406789E-003	7,222301764285846E-004
365		2,784220167352202E-003	7,097930614553447E-004
366		2,085682102277320E-002	7,097930614553447E-004
367		3,235927666125476E-003	7,045818427421217E-004
368		6,422095532369744E-003	7,045818427421222E-004
369		5,384988438249081E-003	7,045818427421209E-004
370		4,119810810611511E-003	7,008982502442073E-004
371		4,841139930490902E-003	6,687855220959689E-004
372		2,449675302909161E-003	6,626505482056732E-004
373		5,921754865929297E-003	6,449931762469069E-004
374		2,137475992220144E-003	6,447587944936091E-004
375		2,285459115088837E-003	6,365113688016818E-004
376		4,195918523849863E-003	6,363300139641029E-004
377		7,002330867514350E-003	6,287101687803754E-004
378		7,362190463973045E-003	6,281886819112827E-004
379		7,784215693061531E-003	6,258093205717999E-004
380		1,657020823687711E-002	6,233218709651676E-004
381		1,274269125220420E-002	6,196353331332647E-004
382		7,492764051251963E-003	6,160753295813175E-004
383		8,593995351273913E-003	6,137532955941979E-004
384		6,041126326296616E-003	6,118717829489156E-004
385		6,259110290758233E-003	5,980650480647343E-004
386		1,886502335336661E-002	5,980500520517234E-004
387		5,769769770652497E-003	5,974487907482980E-004
388		1,031692258396972E-002	5,973479123901971E-004
389		1,164468105695344E-002	5,973479123901973E-004
390		1,229462971685565E-002	5,968528737655434E-004
391		3,970033179180827E-003	5,920195194942474E-004
392		2,589706558183542E-003	5,903722586566367E-004
393		6,567963205489227E-003	5,903722586566370E-004
394		3,411771545148520E-003	5,740579711416657E-004
395		3,598948536619367E-003	5,740579711416652E-004
396		4,325369643178871E-003	5,740579711416655E-004
397		4,547709600675236E-003	5,740579711416655E-004
398		1,402595088606555E-003	5,617910160819779E-004
399		5,813986941904407E-003	5,610742471533878E-004
400		1,151331024003139E-002	5,587989226857246E-004
401		1,492027514425869E-003	5,476974786455212E-004
402		2,003108570198778E-003	5,337185391139491E-004
403		2,802092319208414E-003	5,329195680305166E-004
404		2,199428531734406E-003	5,329195680305164E-004
405		2,357848005025859E-003	5,329195680305159E-004
406		1,666617068054799E-003	5,329195680305164E-004
407		2,539101763171174E-003	5,329195680305159E-004
408		3,337542334276276E-003	5,323746560577906E-004
409		1,732029089681822E-003	5,323746560577904E-004
410		2,542956846380216E-003	5,323746560577904E-004
411		1,847764885844617E-003	5,311805848552055E-004
412		2,235035096920445E-003	5,311805848552054E-004
413		1,556670040398812E-003	5,299785076820731E-004
414		2,188082000398757E-003	5,237091794598701E-004
415		1,836430907203877E-003	5,195752984062361E-004
416		1,292756579931187E-002	5,195752984062361E-004
417		1,112085229356142E-003	5,143408541550537E-004
418		2,405217604745810E-003	5,081578810415538E-004
419		5,751423370414332E-003	5,067380942243341E-004
420		2,589827940380280E-003	5,030559091721931E-004
421		1,609029970296103E-003	4,989490800627113E-004
422		5,818237485871462E-003	4,960087278335063E-004
423		8,367818495478812E-004	4,573672075662386E-004
424		1,125904614546610E-003	4,533035400758977E-004
425		5,231468086708780E-004	4,325109284052965E-004
426		1,471946009382478E-003	4,325109284052972E-004
427		1,003463784678486E-003	4,323220773865706E-004
428		2,328019857415836E-003	4,323220773865706E-004
429		8,229445602142569E-004	3,933460241969838E-004
430		2,746590616526373E-003	3,900254677695582E-004
431		1,818608817579222E-003	3,900254677695577E-004
432		2,293758976781294E-003	3,900254677695600E-004
433		4,025738787245656E-003	3,900254677695578E-004
434		4,435148509883467E-003	3,900254677695586E-004
435		2,982732781595446E-003	3,900254677695576E-004
436		6,922182691029328E-003	3,900254677695584E-004
437		2,833302787271539E-002	3,900254677695577E-004
438		2,171164576203602E-003	3,900254677695582E-004
439		2,892642385094894E-003	3,878273960779318E-004
440		2,873780471510977E-003	3,852720739491197E-004
441		2,312554178451597E-003	3,744260815968770E-004
442		9,068635448880685E-003	3,706705364638441E-004
443		1,167972308427391E-002	3,706705364638442E-004
444		5,191688434175675E-003	3,706705364638442E-004
445		3,677164356384918E-002	3,706705364638445E-004
446		8,690289114586011E-003	3,706705364638443E-004
447		7,550758556461944E-003	3,684237224067234E-004
448		3,922416949380563E-003	3,672297999466168E-004
449		1,536903086372319E-002	3,672297999466160E-004
450		4,317090825561453E-003	3,670207333006674E-004
451		3,407485658348675E-003	3,547979261686451E-004
452		7,482646989942996E-003	3,494133260804563E-004
453		5,261423828352200E-003	3,492425972173184E-004
454		3,714634976479732E-003	3,470610515845611E-004
455		2,003933173381539E-003	3,311883268430155E-004
456		1,164255833868276E-002	3,311883268430153E-004
457		6,325096985976149E-003	3,298868278202602E-004
458		6,272878854549651E-003	3,298868278202601E-004
459		2,576006056778170E-003	3,250763804242997E-004
460		2,309625629868022E-003	3,237444471890399E-004
461		3,366496648031080E-003	3,198609774165714E-004
462		2,089685030162143E-003	3,124083206218605E-004
463		1,288998716983909E-003	3,123811477415799E-004
464		1,580620996461446E-003	3,123811477415800E-004
465		1,787228336879716E-003	3,109734256975750E-004
466		3,030157989808961E-003	3,090649876052583E-004
467		1,980121318071366E-003	3,085035070204477E-004
468		4,578657269036692E-003	3,085035070204472E-004
469		2,109950153605542E-003	2,997462954473418E-004
470		3,271751485196634E-003	2,997005198477893E-004
471		1,500605126743462E-003	2,996959467577197E-004
472		1,997931063678829E-003	2,996959467577198E-004
473		2,440953158420017E-003	2,996959467577193E-004
474		5,440372490786954E-003	2,979493097308663E-004
475		2,146546955179718E-003	2,979493097308657E-004
476		2,148234013053427E-003	2,912484031700065E-004
477		4,962449467611952E-003	2,912484031700063E-004
478		4,814703103399118E-003	2,893065425484914E-004
479		1,400766753109961E-003	2,738280028140829E-004
480		5,945767050449094E-003	2,738264160925022E-004
481		4,832354524058582E-003	2,726795698815089E-004
482		3,116808851621175E-003	2,726795698815087E-004
483		1,749403621563696E-003	2,726622010183545E-004
484		1,933335028179694E-003	2,726622010183544E-004
485		7,870172949396005E-004	2,704923680527012E-004
486		6,929402566735166E-004	2,704702266721492E-004
487		7,227657762354510E-004	2,704702266721491E-004
488		8,135694297295542E-004	2,704702191897543E-004
489		1,707547834549942E-003	2,684644586695334E-004
490		1,157428532575776E-003	2,658316490277400E-004
491		8,227441313131699E-004	2,657489902509525E-004
492		1,135548151699785E-003	2,657403866293815E-004
493		3,154042883798849E-003	2,657396318324028E-004
494		9,677956394754809E-004	2,657396318324024E-004
495		1,002033035749106E-003	2,657396318324026E-004
496		2,543250246809335E-003	2,657396318324024E-004
497		8,661036612539936E-004	2,657396318324028E-004
498		8,180686442165366E-004	2,657396318324026E-004
499		2,517297792122445E-003	2,657396318324024E-004
500		6,512237966884176E-003	2,657396318324027E-004
501		4,917840116291864E-003	2,647087010608869E-004
502		3,204299621952732E-003	2,644826937282172E-004
503		1,411749972763132E-003	2,642573178961812E-004
504		2,023874319837630E-003	2,642573178961811E-004
505		2,382862599103206E-003	2,623135384380560E-004
506		1,245088164591111E-002	2,623135384380561E-004
507		5,057191276797402E-003	2,623135384380559E-004
508		3,743805434401681E-003	2,623135384380562E-004
509		8,530908810065211E-003	2,619633545785985E-004
510		3,025677395546083E-003	2,619633545785981E-004
511		4,803478445101790E-003	2,619633545785979E-004
512		5,807512972290639E-003	2,614523529310991E-004
513		2,217741861965807E-003	2,601119138545436E-004
514		1,767355827108705E-003	2,600263344654339E-004
515		2,632552194616454E-003	2,600263344654339E-004
516		5,839874643300980E-003	2,586082953103331E-004
517		2,396811593200745E-003	2,515045382160182E-004
518		2,529037878435871E-003	2,495814227428463E-004
519		1,508261467123094E-003	2,462115603348174E-004
520		1,444489165340302E-003	2,385099406899264E-004
521		1,758649513521982E-003	2,385099406899262E-004
522		4,923028343514669E-003	2,361503111257127E-004
523		1,550844645887371E-003	2,328535906160254E-004
524		1,437197250116700E-003	2,311957209283137E-004
525		2,409861407514958E-003	2,311957209283139E-004
526		1,974667518464728E-003	2,311957209283139E-004
527		6,255169860564775E-004	2,227001444578737E-004
528		6,154144855546665E-004	2,222966286706526E-004
529		9,563405638748123E-004	2,197919438008957E-004
530		1,264559237917752E-003	2,193696094599439E-004
531		1,413075243579288E-003	2,193696094599433E-004
532		1,836898962391547E-003	2,163129055301276E-004
533		2,562156982119745E-003	2,161564660879342E-004
534		1,886724944254185E-003	2,161564660879344E-004
535		2,089501385100598E-003	2,161564660879341E-004
536		9,644674981510020E-003	2,161564660879344E-004
537		2,777377154711726E-003	2,161564660879344E-004
538		1,590024729228188E-003	2,161564660879340E-004
539		7,834846506257532E-003	2,161341928746078E-004
540		1,761676680018729E-003	2,135085912417936E-004
541		1,698550241959540E-003	2,012016510366200E-004
542		1,659030522144640E-003	2,007835129955404E-004
543		1,969014935122070E-003	2,007835129955406E-004
544		1,345340071207049E-003	2,001272470673560E-004
545		1,132015739365188E-003	1,989870058210719E-004
546		1,852521081848139E-003	1,964661355377267E-004
547		9,764949713829663E-004	1,955160017631771E-004
548		7,698539705365571E-004	1,919062364138310E-004
549		4,492173102199256E-004	1,899898088549093E-004
550		6,394782584061235E-004	1,899898088549093E-004
551		7,469360129825024E-004	1,899898088549092E-004
552		2,925022989133883E-003	1,899898088549094E-004
553		9,059532446773496E-004	1,847835342566725E-004
554		5,430812859745235E-004	1,784903335421194E-004
555		3,274728747724815E-004	1,737259250518861E-004
556		4,280928516959546E-004	1,727841218495278E-004
557		1,563968251922987E-002	1,699916558324500E-004
558		6,314530101239802E-004	1,699916558324499E-004
559		1,303909297656951E-003	1,699183924202332E-004
560		2,466528404387462E-003	1,699183924202332E-004
561		3,267224736157305E-003	1,699183924202332E-004
562		3,496681245068086E-003	1,698944269115685E-004
563		2,622183855399717E-003	1,698944269115685E-004
564		1,070923063779239E-003	1,698944269115688E-004
565		7,465510353594668E-004	1,698944269115685E-004
566		1,596857751456396E-003	1,685388885808314E-004
567		3,121004451124337E-004	1,603340221131321E-004
568		1,101943157589904E-003	1,541391538513820E-004
569		1,315981743279098E-003	1,541391538513820E-004
570		1,819016889730713E-003	1,541362460410189E-004
571		4,980340938411871E-004	1,516159120431355E-004
572		1,032195860938747E-003	1,515526064384060E-004
573		7,156141528305559E-004	1,514248326148006E-004
574		2,839150867500813E-004	1,464678043276031E-004
575		2,534512571001523E-004	1,385283673484413E-004
576		1,139115632739747E-003	1,385283673484413E-004
577		1,150939984854809E-003	1,347689897793644E-004
578		5,249733628953070E-004	1,337239915686151E-004
579		6,507101636572327E-004	1,229980178500827E-004
580		2,952162987057205E-004	1,198878691617434E-004
581		4,898212896200196E-004	1,126167103277538E-004
582		2,494267283926727E-004	1,110683150439747E-004
583		3,457058818097996E-004	1,098631936717036E-004
584		2,497675258553942E-004	1,089471997340989E-004
585		2,055304479460535E-004	1,087074090854270E-004
586		1,377570184551406E-004	9,233825896651514E-005
587		1,654528046442973E-004	9,233764010040976E-005
588		1,909371686887387E-004	9,229442916471422E-005
589		1,646982031577640E-004	9,218305056453996E-005
590		2,654153833150578E-004	9,218305056453992E-005
591		4,460095883370895E-004	9,218305056453991E-005
592		3,339152932499837E-004	8,946822604226937E-005
593		2,652355814315696E-004	8,293654834840350E-005
594		2,237713332134026E-004	7,967022602111013E-005
595		2,712430022821463E-004	7,487343484270455E-005
596		1,581303374651183E-004	7,248108876740146E-005
597		3,500825075056540E-004	7,169536038064927E-005
598		1,829106097168255E-004	7,118958071650903E-005
599		1,954458966956250E-004	6,969346574846657E-005
600		2,729868883990180E-004	6,896454099002455E-005
601		1,995692048588988E-004	6,894099275227535E-005
602		2,619402148757391E-004	6,893926537873542E-005
603		4,250366289608019E-004	6,774940923971628E-005
604		1,511381460203464E-004	6,592853389682848E-005
605		2,210077330029172E-004	6,592853389682834E-005
606		1,122500250608015E-004	6,257937200399926E-005
607		9,535949483035203E-005	5,710165507834595E-005
608		9,573698145967893E-005	5,448237357203839E-005
609		3,570714619402143E-004	5,313721027632167E-005
610		9,754834649456671E-004	5,302118303927510E-005
611		1,282599299354146E-003	5,235857050639474E-005
612		5,080303206461180E-004	5,235857050639469E-005
613		2,279952019512798E-004	5,235857050639469E-005
614		6,920664582615583E-004	5,235857050639464E-005
615		5,017519807544443E-004	5,235857050639467E-005
616		5,682622006456932E-004	5,235857050639472E-005
617		5,152987090610035E-004	5,156753044247296E-005
618		1,992463434070597E-004	5,082836897532139E-005
619		3,353210544227148E-004	5,079348677486107E-005
620		3,265011128077788E-004	4,870110199884393E-005
621		2,155229964878269E-003	4,836312215936589E-005
622		5,371025089796548E-004	4,836312215936590E-005
623		7,068599110283864E-004	4,836312215936590E-005
624		4,107052394249426E-004	4,692562188074651E-005
625		5,750268770068867E-004	4,683231678242998E-005
626		9,716440675318254E-004	4,636844988577122E-005
627		1,267846805026593E-003	4,577232498978183E-005
628		1,633079855621708E-003	4,575234921738127E-005
629		7,809392707406784E-004	4,575234921738130E-005
630		3,721095766914560E-004	4,575234921738128E-005
631		3,614994450123137E-004	4,575234921738127E-005
632		3,806930683048198E-004	4,575234921738125E-005
633		3,737221076024231E-004	4,575234921738127E-005
634		5,969332462955280E-004	4,575234921738136E-005
635		7,004892288071172E-004	4,567435523010460E-005
636		3,245971404531468E-004	4,553677514948650E-005
637		2,068337219590913E-003	4,553511737109634E-005
638		7,049690969035997E-004	4,553276044082837E-005
639		1,236580470587707E-003	4,553207010068680E-005
640		1,025271735282560E-003	4,544842660005155E-005
641		5,139530448382443E-003	4,544842660005151E-005
642		1,440838528547219E-003	4,530485280650004E-005
643		9,636313663159154E-004	4,523416775965864E-005
644		9,751991041949590E-004	4,503280297785605E-005
645		7,005881558749062E-004	4,502433235152772E-005
646		1,899607963212438E-003	4,495778960211107E-005
647		8,399698273718945E-004	4,492138756828662E-005
648		7,504254547633576E-004	4,480161940242145E-005
649		8,674380152969887E-004	4,480112653945297E-005
650		7,673981846353933E-004	4,480112653945296E-005
651		6,208405565811299E-004	4,480112651056722E-005
652		1,144758772107375E-003	4,476269168200664E-005
653		1,477017470421303E-003	4,476269168200666E-005
654		9,025769930155949E-004	4,476269168200665E-005
655		1,944083852941128E-003	4,473054370232174E-005
656		1,391519511288736E-003	4,463710390945569E-005
657		8,266703277521261E-004	4,463582110919149E-005
658		8,157618367519324E-004	4,463517548504255E-005
659		1,768140054700911E-003	4,463517548504253E-005
660		2,159232630833084E-003	4,463517548504256E-005
661		1,112388652866894E-003	4,460817268842674E-005
662		1,293586897807222E-003	4,436602884187559E-005
663		1,268161975707868E-003	4,436602884187569E-005
664		1,150670726444018E-003	4,436602884187564E-005
665		3,000768437992255E-003	4,436198013166752E-005
666		1,239298414732921E-003	4,436145823440673E-005
667		4,502358478206192E-004	4,427910766463076E-005
668		6,923172951641323E-004	4,427910766463072E-005
669		1,524145880389608E-003	4,427910766463076E-005
670		1,326307570317558E-003	4,420941423870090E-005
671		7,113267808642569E-004	4,420273417847720E-005
672		6,031920281926268E-004	4,404533643412341E-005
673		6,442797861341388E-004	4,346525950045294E-005
674		6,262313223934843E-004	4,328096415421951E-005
675		9,517607054833382E-004	4,328096415421953E-005
676		7,256486071688038E-004	4,328096415421947E-005
677		6,217808040544552E-004	4,326224020014551E-005
678		2,723855983990392E-004	4,268819115846180E-005
679		1,599741720854451E-004	4,202868146178122E-005
680		2,439341694504132E-004	4,202868146178126E-005
681		2,083929512493026E-004	4,202868146178124E-005
682		7,853123119136773E-004	4,151983066951347E-005
683		7,536546216252348E-004	4,151983066951347E-005
684		1,111301961547966E-003	4,151983066951349E-005
685		1,994498443588603E-003	4,131765932163568E-005
686		1,392722330045085E-003	4,131314340955522E-005
687		8,978228264945121E-004	4,130467434122227E-005
688		5,885828720712189E-004	4,127822636389161E-005
689		7,476673450281298E-004	4,067214583010929E-005
690		2,840775349582299E-003	4,067214583010930E-005
691		6,547153807129898E-004	4,067197278733302E-005
692		1,102783370736284E-003	4,067197278733301E-005
693		1,020815620230230E-003	4,067197278733303E-005
694		2,551076993519155E-004	3,919749636658246E-005
695		2,140992134499405E-004	3,910266036686871E-005
696		1,934341239966502E-004	3,910266036686871E-005
697		2,196282718011094E-004	3,906914211632212E-005
698		2,948665583399588E-003	3,906914211632212E-005
699		2,310528142491535E-004	3,895298923423637E-005
700		2,355653407283499E-004	3,894477030756541E-005
701		1,200030803793351E-004	3,864005676255243E-005
702		1,321811711265136E-004	3,864005676255241E-005
703		2,296833899771479E-004	3,864005676255243E-005
704		1,748552788693797E-004	3,864005676255240E-005
705		1,874174545044669E-004	3,861588011977266E-005
706		2,168258210006396E-004	3,861588011977268E-005
707		2,893280090779192E-004	3,861588011977263E-005
708		6,420047082627073E-004	3,861588011977266E-005
709		5,237201203900169E-004	3,861565286166167E-005
710		3,289419012430743E-004	3,861539391706793E-005
711		5,744620746807630E-004	3,861539391706790E-005
712		1,378778560300636E-003	3,861534761952593E-005
713		1,267106155181592E-003	3,861534761952591E-005
714		1,115275376175732E-003	3,861534761952598E-005
715		9,376230609209266E-004	3,861534761952595E-005
716		4,556293590409143E-003	3,861361982577211E-005
717		9,908766167956681E-004	3,859080495107178E-005
718		9,067188393228606E-004	3,858802320679646E-005
719		2,037657679902012E-003	3,858802320679647E-005
720		2,904472187317537E-003	3,858802320679647E-005
721		1,318304636574824E-003	3,858802320679643E-005
722		2,453613957414538E-003	3,858802320679649E-005
723		7,262278517302567E-004	3,858802320679651E-005
724		5,712984017942779E-004	3,858802320679649E-005
725		9,159281677563942E-004	3,858802320679647E-005
726		2,365287535635481E-003	3,858802320679650E-005
727		6,625606678154588E-004	3,858802320679648E-005
728		5,237344856174260E-004	3,858802320679647E-005
729		4,859339788079067E-004	3,858802320679646E-005
730		1,443621353755071E-003	3,858802320679647E-005
731		1,605167902618433E-003	3,858802320679648E-005
732		1,413734106401971E-003	3,858802320679649E-005
733		9,285038068469383E-004	3,858802320679646E-005
734		1,684383321327836E-003	3,858802320679650E-005
735		1,374593732999342E-003	3,858704301336837E-005
736		2,759138419240478E-003	3,857897374511822E-005
737		7,201887360446273E-004	3,857897374511825E-005
738		6,276528074169314E-004	3,857897374511825E-005
739		5,174422290910741E-004	3,857897374511822E-005
740		6,770695840636075E-004	3,857897374511821E-005
741		8,626153885650255E-004	3,857897374511821E-005
742		8,123079727944579E-004	3,857897374511822E-005
743		6,694383374753513E-004	3,857897374511824E-005
744		1,316339708594827E-003	3,857897374511824E-005
745		7,267622349900884E-004	3,857897374511821E-005
746		1,075502914263349E-003	3,857897374511821E-005
747		6,505199520916955E-004	3,857897374511825E-005
748		6,088684568645006E-004	3,857897374511820E-005
749		4,392237843759952E-004	3,857897374511820E-005
750		7,192433246301394E-004	3,857897374511827E-005
751		2,618646671785043E-003	3,857897374511818E-005
752		9,787351680153051E-004	3,857897374511820E-005
753		7,314185880772912E-004	3,857897374511822E-005
754		7,588485006786062E-004	3,857897374511823E-005
755		8,950447045797018E-004	3,857897374511824E-005
756		9,502635002134547E-004	3,857897374511818E-005
757		1,070849827925070E-002	3,857897374511822E-005
758		3,553223583018961E-003	3,857897374511823E-005
759		3,967484941406145E-003	3,857897374511821E-005
760		1,743930736489016E-003	3,857377365226823E-005
761		2,266757310918281E-003	3,857360994404857E-005
762		6,009036146573635E-004	3,857360994404854E-005
763		1,672612769122017E-003	3,857360994404855E-005
764		2,147706570327573E-003	3,857360994404853E-005
765		7,946877207982509E-004	3,857360994404854E-005
766		1,213506439459095E-003	3,857160269392538E-005
767		3,330854490559606E-003	3,857160269392537E-005
768		1,849740909991930E-003	3,854736042044416E-005
769		9,639039783574107E-004	3,852716881126598E-005
770		7,117997605770616E-004	3,852716881126597E-005
771		8,205223217254135E-004	3,852381640336689E-005
772		6,376161084543496E-004	3,852381640336690E-005
773		6,766497290214340E-004	3,852381640336690E-005
774		8,147027364748458E-004	3,852378455259480E-005
775		8,883952041724118E-004	3,848885047429595E-005
776		9,676888476505334E-004	3,848885047429594E-005
777		9,744352358691703E-004	3,848885047429596E-005
778		1,884777409165803E-003	3,848885047429597E-005
779		4,510428194279326E-003	3,848885047429597E-005
780		9,934506528939621E-004	3,848885047429595E-005
781		7,379711310519000E-004	3,848885047429593E-005
782		2,973376798586761E-003	3,848767050852227E-005
783		2,474812298982891E-003	3,848767050852229E-005
784		1,851988499355610E-003	3,844069079829896E-005
785		1,022883374468638E-003	3,843253220891510E-005
786		1,990930806498774E-003	3,840006755488375E-005
787		1,856601108294463E-003	3,838989958971761E-005
788		5,134879412888928E-004	3,835112326992204E-005
789		8,136440085738895E-004	3,834899254605298E-005
790		1,705444376067440E-003	3,834899254605298E-005
791		1,741747858852505E-003	3,834899254605301E-005
792		1,069763375527626E-003	3,834891063160054E-005
793		2,935490142011272E-003	3,834870233985123E-005
794		3,038853484028052E-004	3,833243046294555E-005
795		2,234081945526738E-004	3,823905823513642E-005
796		1,772644729058421E-004	3,797679540976515E-005
797		2,613880261365148E-004	3,797679540976516E-005
798		4,376170458980135E-004	3,797679540976518E-005
799		3,131435491587800E-004	3,789324435940630E-005
800		3,026880020211052E-004	3,786286272603902E-005
801		2,395259492196035E-004	3,785422347133637E-005
802		1,626287802505035E-004	3,764812645531183E-005
803		1,680710650779591E-004	3,751027057595147E-005
804		2,329729625341245E-004	3,751027057595147E-005
805		1,218826338557546E-003	3,750462837665933E-005
806		4,079714617314511E-004	3,750462837665927E-005
807		4,862945186730576E-004	3,750462837665930E-005
808		1,355174538044332E-003	3,750462837665928E-005
809		1,979747341090158E-003	3,750462837665926E-005
810		2,914738470937055E-003	3,750462837665926E-005
811		1,354818072588073E-003	3,749817857363375E-005
812		6,388221936254182E-004	3,723486094489462E-005
813		6,311341216916611E-004	3,723480610630547E-005
814		4,306728933028844E-004	3,712726568821876E-005
815		3,337132733990112E-004	3,711233238717506E-005
816		9,310615806673718E-004	3,705224334245865E-005
817		7,586176671608783E-004	3,705151391298286E-005
818		6,524110599778250E-004	3,705151391298287E-005
819		5,091950242355880E-004	3,703992874583022E-005
820		1,086859808816136E-003	3,703992874583022E-005
821		4,157375233777993E-003	3,682077228384515E-005
822		3,952356014959579E-003	3,682077228384507E-005
823		2,849280300869922E-003	3,682077228384509E-005
824		6,403122657574653E-003	3,679326164611776E-005
825		7,457437120993489E-003	3,669866198349089E-005
826		3,941785066621101E-003	3,663508507066845E-005
827		2,524743997779516E-003	3,663508507066845E-005
828		1,334419335797919E-003	3,663508507066846E-005
829		6,251526386592792E-004	3,653886866690463E-005
830		7,646809097558568E-004	3,653886866690464E-005
831		1,028434050121258E-003	3,652423720921477E-005
832		3,529267406244427E-003	3,650922632299978E-005
833		4,757183957852797E-004	3,644222128663564E-005
834		4,646406771651488E-004	3,637463789058886E-005
835		3,241294253443692E-004	3,636034058614853E-005
836		4,925028410405139E-004	3,624523051500290E-005
837		4,504301969807646E-004	3,623535550349792E-005
838		2,049326106600808E-004	3,597382825477045E-005
839		5,848556215394893E-004	3,597382825477041E-005
840		5,067114210740724E-003	3,597382825477044E-005
841		1,207342030703601E-003	3,597382825477043E-005
842		6,280203787496985E-004	3,597382825477045E-005
843		1,512725386371934E-003	3,597382825477043E-005
844		1,462710892656503E-003	3,597382825477046E-005
845		7,386150143185586E-004	3,586665835461818E-005
846		7,290626443454729E-004	3,586665835461818E-005
847		6,937346397804896E-004	3,585031338641676E-005
848		1,013906805614473E-003	3,585031338641676E-005
849		3,497362988317606E-004	3,560451954625044E-005
850		7,277719012100047E-004	3,560451954625043E-005
851		8,771925419383111E-004	3,560451954625042E-005
852		3,792544409896550E-004	3,523891290819624E-005
853		1,233759737374792E-003	3,489213092395574E-005
854		1,566686199903692E-003	3,489213092395575E-005
855		1,510813401200399E-003	3,485854266954746E-005
856		1,394896876434016E-003	3,485854266954747E-005
857		2,967973926634359E-003	3,485854266954746E-005
858		3,102775382540880E-003	3,485854266954744E-005
859		1,536815815381911E-003	3,485854266954745E-005
860		8,775521269749009E-003	3,468600867721174E-005
861		1,024082318806734E-003	3,464406510059596E-005
862		3,858767022514884E-004	3,440187839591587E-005
863		3,782971010277194E-004	3,426368341119678E-005
864		1,317795386262349E-003	3,426368341119678E-005
865		1,358105680674040E-003	3,426368341119676E-005
866		1,024782839812813E-003	3,426368341119679E-005
867		5,768755189731044E-004	3,420065407434484E-005
868		1,367139459949589E-003	3,419346785775419E-005
869		2,071396576247561E-004	3,360760424392598E-005
870		4,767683447708530E-004	3,360760424392602E-005
871		1,909078465326359E-004	3,348157313843628E-005
872		4,084332697264088E-004	3,348157313843626E-005
873		4,746893181944641E-004	3,348157313843628E-005
874		2,555598868314326E-004	3,347667202309665E-005
875		3,641630275539349E-004	3,338369196757667E-005
876		1,698097401368434E-004	3,320810481813947E-005
877		1,311263249815360E-004	3,317836563454559E-005
878		1,994168636088013E-004	3,277373578971109E-005
879		6,823408647108867E-005	3,199190744231381E-005
880		8,702375440539594E-005	3,199190744231379E-005
881		1,115967945380383E-004	3,199190744231382E-005
882		8,676906244066148E-005	3,121331427260641E-005
883		1,188026137548735E-004	3,121331427260639E-005
884		1,846948809291224E-003	3,090792416456555E-005
885		9,629242965132796E-005	3,090792416456555E-005
886		8,073021843106117E-005	3,090792416456555E-005
887		3,489776893974980E-004	3,090792416456555E-005
888		1,941619185338812E-004	3,090084315381083E-005
889		1,266882488172284E-004	3,078350991657416E-005
890		8,890373420844701E-005	3,078350991657414E-005
891		1,172860546393680E-004	3,077817235012173E-005
892		3,707152466459497E-004	3,077817235012177E-005
893		1,360815105322246E-004	3,056630261714994E-005
894		6,775508616454127E-005	2,987569541930560E-005
895		7,690581475235586E-005	2,956033578714262E-005
896		4,274327844443958E-005	2,925476545867619E-005
897		6,064056179577702E-005	2,913498111820302E-005
898		5,574005365838500E-005	2,913498111820300E-005
899		6,504377141472593E-005	2,896695993590026E-005
900		5,534885661118276E-004	2,891062370789696E-005
901		9,631226398703317E-005	2,891062370789694E-005
902		1,385002995278356E-004	2,889030981073980E-005
903		3,334822805176830E-004	2,889030981073979E-005
904		1,910277942909600E-004	2,851260388226513E-005
905		8,763467816473235E-005	2,844191930575096E-005
906		8,824613044474003E-005	2,841598787871396E-005
907		7,514477080611580E-005	2,816485135201709E-005
908		1,762978034577101E-004	2,816485135201712E-005
909		8,833562735037971E-005	2,816485135201711E-005
910		7,606319680104550E-004	2,790389349730066E-005
911		3,942227921537590E-004	2,789518560090833E-005
912		3,724530191691326E-004	2,789518560090832E-005
913		7,807140138653774E-004	2,789518560090835E-005
914		3,384955052518791E-004	2,780849664327356E-005
915		4,446371173064177E-004	2,780781462123562E-005
916		4,177500880743171E-004	2,780781462123564E-005
917		4,214371279967285E-004	2,777893434431150E-005
918		1,462208679033513E-004	2,763200578050817E-005
919		5,227298330256457E-004	2,752522121672170E-005
920		9,398020544091585E-004	2,752383741146225E-005
921		2,216480365134589E-004	2,747178516830744E-005
922		1,781425695038580E-004	2,742466879199801E-005
923		2,825966092239027E-004	2,705204583198693E-005
924		9,789021231572853E-005	2,665519535687826E-005
925		1,600149918872211E-004	2,665519535687825E-005
926		2,424889081032256E-004	2,644652152098135E-005
927		2,934172141510020E-004	2,643793341548573E-005
928		1,059922064123848E-003	2,643793341548577E-005
929		2,888753596315933E-004	2,643793341548574E-005
930		4,504339346426018E-004	2,630766907273382E-005
931		1,332778730777432E-003	2,630766907273382E-005
932		6,958529587253672E-004	2,630766907273386E-005
933		7,343198424712889E-004	2,630761321593294E-005
934		6,333449291643888E-004	2,630535353400934E-005
935		4,744761139055516E-004	2,630535353400933E-005
936		6,971575716918457E-004	2,625445185628772E-005
937		1,889252334606862E-003	2,625360552060100E-005
938		1,385190975486352E-003	2,621242908425037E-005
939		4,149621585026844E-004	2,621242908425037E-005
940		6,554151427925629E-004	2,621242908425038E-005
941		5,428614173453183E-004	2,621242908425038E-005
942		3,915361506355702E-004	2,621242908425037E-005
943		1,155093661148300E-003	2,621242908425037E-005
944		1,627188160018780E-003	2,618829237277811E-005
945		7,259416545905309E-004	2,618829237277809E-005
946		1,011485090505807E-003	2,618829237277809E-005
947		1,460238408982368E-003	2,617774551927747E-005
948		1,500476945996675E-003	2,617430899625613E-005
949		3,506166953452990E-003	2,617430899625611E-005
950		3,792822955438900E-003	2,614850835267601E-005
951		3,014237787150205E-003	2,614539958033892E-005
952		1,725260880613082E-003	2,613852294077890E-005
953		2,615878023699317E-003	2,613852294077888E-005
954		2,606718298450782E-003	2,613397444820995E-005
955		1,521216079672847E-003	2,613227340771233E-005
956		1,605096930913682E-003	2,613227340771234E-005
957		6,897076633912077E-004	2,612810728390071E-005
958		1,464965171376318E-003	2,612226619302831E-005
959		2,162740536315873E-003	2,611521763259573E-005
960		4,449396085942876E-004	2,606421154087493E-005
961		4,015652975561089E-004	2,606342109089823E-005
962		3,018702987267316E-004	2,605160106738096E-005
963		9,904625515830844E-004	2,605160106738093E-005
964		7,620776660757787E-004	2,604768879935188E-005
965		1,445014796001295E-003	2,604756721068294E-005
966		9,856445356376518E-004	2,602887837586858E-005
967		9,583102394342883E-004	2,600271105907403E-005
968		2,280556300849942E-003	2,599785058525278E-005
969		6,541398057049538E-003	2,599240148189804E-005
970		4,741351003406807E-003	2,599240148189809E-005
971		1,726285410602934E-003	2,599240148189809E-005
972		9,933845034521280E-004	2,599228235222630E-005
973		1,847469068309882E-003	2,598922194297499E-005
974		1,724804212277353E-003	2,595469674813057E-005
975		2,443233482613125E-003	2,595469674813055E-005
976		1,304801185691273E-003	2,592740536888814E-005
977		2,979281168002593E-004	2,549901488534906E-005
978		2,660614851612075E-004	2,549677865030859E-005
979		4,179393948364740E-004	2,549677865030858E-005
980		3,989027670569904E-004	2,548909289725478E-005
981		1,331507062889751E-003	2,548909289725481E-005
982		8,341500567387536E-004	2,548909289725479E-005
983		6,674533306294194E-004	2,539323568479936E-005
984		1,170023719427875E-003	2,530550264864876E-005
985		7,084120066134389E-004	2,530468232281714E-005
986		1,114912958477492E-003	2,530468232281713E-005
987		1,746691218309118E-003	2,530468232281714E-005
988		8,114925864179878E-004	2,530468232281713E-005
989		1,164124936439377E-003	2,530468232281716E-005
990		9,587695285252106E-004	2,527903589094105E-005
991		1,254897246334072E-003	2,527898307710410E-005
992		1,337561728483558E-003	2,526240190044013E-005
993		1,797416666247401E-003	2,524112860006947E-005
994		5,426495836148676E-004	2,522332068770875E-005
995		4,706311194306691E-004	2,521450446570831E-005
996		8,161233236439440E-004	2,521450446570830E-005
997		9,674602349219334E-004	2,521450446570832E-005
998		5,835646843148688E-004	2,521438447040116E-005
999		6,493767820905168E-004	2,521438447040116E-005
1000		1,515226310755370E-003	2,521373266049907E-005
1001		7,931074308753838E-004	2,513056880651412E-005
1002		3,048951527120721E-004	2,478870200361891E-005
1003		1,267678103841584E-003	2,473225172862694E-005
1004		5,940540218393187E-004	2,471634168946711E-005
1005		2,178499200926655E-004	2,463501458028371E-005
1006		2,908116994612736E-004	2,463470215932029E-005
1007		6,520928785965377E-004	2,463470215932028E-005
1008		5,025687307983151E-004	2,463470215932031E-005
1009		7,892196900668329E-004	2,462789357494008E-005
1010		5,441386270953052E-004	2,459540289351152E-005
1011		2,235448042027223E-004	2,451824393033054E-005
1012		5,741742449371717E-004	2,450582183738836E-005
1013		4,207739638911437E-004	2,449706908520275E-005
1014		2,760400869386294E-004	2,449408342234856E-005
1015		2,067441102384065E-003	2,441520184003313E-005
1016		7,076873112646138E-004	2,441484184115433E-005
1017		1,968966364737908E-004	2,429879021269507E-005
1018		1,873057928401090E-004	2,401363127523881E-005
1019		3,035230748547042E-004	2,391433601801289E-005
1020		7,339099980235233E-004	2,377760146129006E-005
1021		1,215732023227008E-004	2,350388102344794E-005
1022		4,609781618866763E-004	2,350388102344799E-005
1023		4,747650893699985E-004	2,350388102344796E-005
1024		2,278093299124170E-004	2,337035552222813E-005
1025		3,633792782452065E-004	2,321923510654537E-005
1026		4,057091498389481E-004	2,321923510654539E-005
1027		3,158755502934529E-004	2,321923510654539E-005
1028		9,311538540123489E-004	2,321923510654537E-005
1029		2,803048864819056E-004	2,321923510654537E-005
1030		1,883379409600091E-004	2,315899589690182E-005
1031		2,538104362263114E-004	2,313668137783613E-005
1032		3,459718086110815E-003	2,313668137783612E-005
1033		4,433723865346020E-004	2,313668137783613E-005
1034		4,533308853463408E-004	2,313668137783613E-005
1035		9,343959584632161E-004	2,313668137783613E-005
1036		1,213322178097756E-001	2,313668137783613E-005
1037		9,304337909796804E-004	2,313668137783612E-005
1038		6,154408060822199E-004	2,313668137783613E-005
1039		6,791498064440686E-004	2,313668137783612E-005
1040		1,418513875511720E-003	2,313668137783613E-005
1041		5,156347877559989E-004	2,313668137783613E-005
1042		2,972880439391308E-004	2,313668137783614E-005
1043		1,316114393219869E-003	2,313668137783613E-005
1044		4,250863321028016E-004	2,313668137783612E-005
1045		5,638137038418219E-004	2,313668137783614E-005
1046		6,794643118914062E-004	2,313660448750113E-005
1047		4,925310502552758E-004	2,313660448750115E-005
1048		5,358727602675923E-004	2,313435079912834E-005
1049		6,211433019256609E-004	2,285116324644185E-005
1050		7,971368737035775E-004	2,285116324644186E-005
1051		3,381775709243343E-004	2,284000923362482E-005
1052		4,200167001442734E-004	2,272023910898908E-005
1053		3,389922933797469E-004	2,266104530100535E-005
1054		5,599713622507566E-004	2,265192944354261E-005
1055		9,773066159334085E-004	2,264948790678775E-005
1056		5,767195031423680E-004	2,264948790678775E-005
1057		4,719848721059940E-004	2,262858242144372E-005
1058		1,841946752958950E-004	2,262623123752783E-005
1059		2,278637017120770E-004	2,262603034032919E-005
1060		2,506042490181684E-004	2,262603034032917E-005
1061		7,920215424890942E-004	2,262076231039880E-005
1062		4,010239013316243E-004	2,262076231039879E-005
1063		7,565344537489447E-004	2,262076231039880E-005
1064		8,129639234463702E-004	2,262076231039879E-005
1065		4,867510110917654E-004	2,260291572835229E-005
1066		8,792797618513933E-004	2,259954468055867E-005
1067		2,134230158769002E-003	2,259954468055865E-005
1068		2,566965426897599E-003	2,259954468055867E-005
1069		2,362578187319048E-003	2,259857752021187E-005
1070		1,717267704694160E-003	2,259462115432656E-005
1071		1,197401601791793E-003	2,252751393174749E-005
1072		1,367224306243150E-003	2,252297595176501E-005
1073		1,557784888244894E-003	2,252297371975299E-005
1074		8,797253891067598E-004	2,245555052881326E-005
1075		4,298963798886468E-004	2,239597134224777E-005
1076		1,410544935215413E-003	2,229672459487116E-005
1077		5,410039225183854E-004	2,216597167051021E-005
1078		1,041267684965719E-003	2,213335159624517E-005
1079		5,980887001153175E-004	2,206774441319854E-005
1080		2,163685664303047E-003	2,205132794684708E-005
1081		3,065794475239550E-004	2,189807991820415E-005
1082		2,011398535590838E-004	2,185102540349326E-005
1083		2,131008707031601E-004	2,182764708243677E-005
1084		2,279080240790444E-004	2,182764708243676E-005
1085		1,428039012179948E-003	2,182764708243678E-005
1086		4,000458905687645E-004	2,182764708243676E-005
1087		2,691391914365408E-004	2,182598684258975E-005
1088		4,091512389878178E-004	2,182598684258973E-005
1089		4,593017559959593E-004	2,177510770035698E-005
1090		2,384995865634426E-004	2,176580294833720E-005
1091		1,306816212389114E-004	2,171961105444982E-005
1092		1,372601198664812E-004	2,169744809961164E-005
1093		2,029051976917619E-004	2,164035255693548E-005
1094		3,082247191834993E-004	2,164035255693547E-005
1095		1,368766754736336E-003	2,162616153847971E-005
1096		2,883253571806412E-004	2,157968102075970E-005
1097		2,690855675875604E-004	2,155617734696562E-005
1098		8,803997471016645E-005	2,127503093898729E-005
1099		5,578431740997724E-005	2,106552711290086E-005
1100		7,496479062903104E-005	2,106552711290087E-005
1101		7,540365163933442E-005	2,106552711290087E-005
1102		1,693194505894446E-004	2,106552711290087E-005
1103		3,411352269707743E-004	2,106552711290089E-005
1104		1,129447220401107E-004	2,105150723592647E-005
1105		1,544030206303593E-004	2,095177929996699E-005
1106		1,771987714845213E-004	2,094240769829279E-005
1107		1,751395732311173E-004	2,094240769829280E-005
1108		1,200213895034243E-004	2,094240769829276E-005
1109		6,289004573685785E-004	2,094240769829279E-005
1110		6,018713516847615E-004	2,092915949582315E-005
1111		2,827898869411412E-004	2,092915949582314E-005
1112		2,646018089364337E-003	2,092915949582314E-005
1113		1,896532565590180E-004	2,092915949582314E-005
1114		6,336416326058230E-004	2,090612887694858E-005
1115		2,257801726454239E-004	2,075719721125707E-005
1116		1,683194168266604E-004	2,055035290710919E-005
1117		3,985895004639839E-004	2,045235500531746E-005
1118		2,333071600751980E-004	2,036060727371809E-005
1119		2,725163385379259E-004	2,036060727371807E-005
1120		2,609136088106228E-004	2,033121035812889E-005
1121		4,302295835951176E-004	2,033116882518428E-005
1122		9,328595113424873E-004	2,030397700353396E-005
1123		6,756318230827545E-004	2,029980397443359E-005
1124		2,902418029376980E-004	2,028125581318862E-005
1125		2,646268145455039E-004	2,027747584051998E-005
1126		3,570540990096269E-004	2,024349769443684E-005
1127		3,273058156735230E-004	2,023852518400352E-005
1128		2,928723706808083E-004	2,013005030732351E-005
1129		3,974844774335132E-004	2,012981993724926E-005
1130		3,272759772519938E-004	2,011233300098964E-005
1131		1,951945925551436E-004	2,003424663149566E-005
1132		2,086611483415182E-004	2,003404701284502E-005
1133		3,493045091355350E-004	2,002734489855077E-005
1134		2,442522773595551E-004	1,996902408343050E-005
1135		1,100857809153638E-004	1,990878373748094E-005
1136		3,846022767135219E-004	1,990878373748091E-005
1137		5,539432066407596E-004	1,988668540515044E-005
1138		1,510865847064434E-003	1,983733643000562E-005
1139		3,891543349129877E-004	1,977968231934542E-005
1140		1,933578464773569E-003	1,977348723581874E-005
1141		1,006336818736695E-003	1,975431134857635E-005
1142		3,590015095698218E-004	1,970124369853348E-005
1143		4,873109952508289E-004	1,970058279980328E-005
1144		2,173413104257361E-003	1,969973619233976E-005
1145		1,937049260704415E-004	1,969428491727154E-005
1146		1,144153226980406E-004	1,958751731912310E-005
1147		8,349018980232657E-005	1,918517806680265E-005
1148		1,191183736891111E-004	1,918211004272872E-005
1149		1,309525033654776E-004	1,918211004272872E-005
1150		2,524682619551846E-004	1,918211004272872E-005
1151		4,638087452925120E-003	1,918211004272871E-005
1152		5,613786491497157E-004	1,904738844508869E-005
1153		3,954342746825098E-004	1,902070092160968E-005
1154		3,343982038379127E-004	1,897715528121347E-005
1155		5,163232266691356E-004	1,897715528121347E-005
1156		5,196131873867530E-004	1,897715528121349E-005
1157		3,212130126580569E-004	1,882456090152203E-005
1158		1,857509398788892E-004	1,868301872746318E-005
1159		3,261798035848919E-004	1,868301872746318E-005
1160		1,642599978739805E-004	1,817578903441857E-005
1161		1,804672595233985E-004	1,817578903441858E-005
1162		1,381485147376352E-004	1,817578903441856E-005
1163		4,643392705320101E-004	1,806055986670168E-005
1164		2,878114346765442E-004	1,795552357317779E-005
1165		9,170391653738260E-004	1,795552357317778E-005
1166		3,900917247908679E-004	1,795362510433083E-005
1167		4,078059468869296E-004	1,795362316754392E-005
1168		4,656287218362545E-004	1,795362316754392E-005
1169		1,117062484939079E-004	1,745037361542874E-005
1170		2,011644142581854E-004	1,736920125571381E-005
1171		1,482064828427826E-004	1,735724890736871E-005
1172		1,351168238621320E-004	1,735390691130067E-005
1173		1,707944693252428E-004	1,731073036986440E-005
1174		1,350402315918291E-004	1,730262646337348E-005
1175		1,375438493061772E-004	1,713558883786493E-005
1176		2,641419726979375E-004	1,709419159842801E-005
1177		6,122084244005854E-004	1,709419159842802E-005
1178		5,399053265082055E-004	1,709419159842801E-005
1179		1,423213461356586E-003	1,707622638918396E-005
1180		3,195643938405992E-004	1,705932451356780E-005
1181		3,192026510466739E-004	1,705732984557653E-005
1182		1,972929570852897E-004	1,705713949887985E-005
1183		1,870749067933546E-004	1,705466575285798E-005
1184		1,161855765768636E-004	1,650469305127083E-005
1185		4,895950367810440E-005	1,601044095974117E-005
1186		1,178629007855249E-004	1,596374595366247E-005
1187		1,173045696031734E-004	1,596374595366247E-005
1188		2,669995504869188E-004	1,596374595366249E-005
1189		1,378353110805757E-004	1,595792491318008E-005
1190		7,060664462744406E-005	1,578300913008065E-005
1191		1,499381079408004E-004	1,565007098016719E-005
1192		1,265943446336487E-004	1,531489480955509E-005
1193		1,170840124134275E-004	1,531477266823280E-005
1194		1,453660705702368E-004	1,524632004713640E-005
1195		1,588130963150074E-004	1,524632004713640E-005
1196		1,831355360165280E-004	1,518722156798876E-005
1197		1,549242738453865E-004	1,517726290861397E-005
1198		4,469176812169199E-004	1,516774666886921E-005
1199		1,871258678320714E-004	1,516774666886921E-005
1200		1,830510958863379E-004	1,516774666886924E-005
1201		4,231134272243411E-004	1,516774666886922E-005
1202		2,733643073654758E-004	1,515820036590581E-005
1203		5,902160172928583E-004	1,515820036590581E-005
1204		4,427984429880641E-004	1,515529199187624E-005
1205		8,037261692646656E-004	1,506337619574295E-005
1206		3,351026737194492E-004	1,496766083591761E-005
1207		3,589210942740321E-004	1,496766083591761E-005
1208		1,784024559644507E-004	1,496651252621862E-005
1209		1,017762085249081E-003	1,496651252621862E-005
1210		5,939683328655636E-004	1,490966000952474E-005
1211		1,185229189333181E-004	1,490779661549837E-005
1212		1,264135587085066E-004	1,480807578513820E-005
1213		8,659370123207982E-005	1,463553278933142E-005
1214		9,574017641582538E-005	1,456919786610246E-005
1215		1,068741223922193E-004	1,456910526395024E-005
1216		1,643134875442037E-004	1,453674584098906E-005
1217		1,005388401717112E-004	1,451941615683532E-005
1218		6,937328250504513E-005	1,446984295516396E-005
1219		5,955419021424401E-005	1,446052661524348E-005
1220		1,076349395487013E-004	1,446052661524347E-005
1221		2,446142767238305E-004	1,446052661524348E-005
1222		5,904393797971492E-004	1,446052661524349E-005
1223		1,301288572137624E-003	1,446052661524348E-005
1224		1,340187107802127E-004	1,446052661524348E-005
1225		3,690030845131207E-004	1,446052661524349E-005
1226		5,127787954085445E-004	1,440798909257899E-005
1227		8,554658468313033E-004	1,440692469964516E-005
1228		3,735887832512286E-004	1,440356404232690E-005
1229		2,951632851634460E-004	1,438459418229488E-005
1230		3,331782513739790E-004	1,437940975123531E-005
1231		3,717465559377670E-004	1,437940975123532E-005
1232		2,210347072186366E-004	1,437940975123531E-005
1233		1,737138474961675E-004	1,437940975123531E-005
1234		4,317511449989466E-004	1,437940975123531E-005
1235		1,449646043876402E-004	1,437940975123532E-005
1236		9,706648344911651E-005	1,433813982116413E-005
1237		7,409342815576194E-005	1,423027718599511E-005
1238		1,573049765595956E-004	1,418713641577199E-005
1239		9,508085303864064E-003	1,418700715156443E-005
1240		1,289982483238260E-004	1,414839553087380E-005
1241		1,227386861066479E-004	1,409083649510369E-005
1242		2,183827213168035E-004	1,408641928086159E-005
1243		2,040412093850520E-004	1,408641928086159E-005
1244		1,255702119865648E-004	1,408641928086159E-005
1245		2,594810724598187E-004	1,408641928086158E-005
1246		4,554315094104286E-004	1,408641928086159E-005
1247		2,131436277858275E-004	1,408531983271448E-005
1248		1,187796028489738E-004	1,408531983271448E-005
1249		1,196183490966552E-004	1,402258657647426E-005
1250		1,443084179589317E-004	1,402258657647426E-005
1251		5,508002548683008E-005	1,383856131733536E-005
1252		5,341241812947618E-005	1,362823277447521E-005
1253		3,405532293733720E-005	1,292232305804340E-005
1254		4,503660859677333E-005	1,282711710202119E-005
1255		2,803097936170286E-005	1,198463545105075E-005
1256		1,648935324506855E-005	1,161228381453005E-005
1257		2,062889182518966E-004	1,161228381453005E-005
1258		2,098887832364368E-005	1,120028551188407E-005
1259		1,459111778376622E-004	1,103391362256267E-005
1260		4,264821103296811E-005	1,103388043642686E-005
1261		6,941595017283279E-005	1,103388043642686E-005
1262		4,094685984286605E-005	1,087523407755932E-005
1263		1,568821886842578E-004	1,087523407755932E-005
1264		1,529835397816440E-004	1,087523407755932E-005
1265		8,927715685353352E-005	1,087523407755933E-005
1266		8,256370325447472E-005	1,087523407755932E-005
1267		1,593242922498189E-005	8,772954186287751E-006
End iteration: 1268 		 ||f - Ax^j|| / ||r^0||: 8,77295418630726E-06
