Method: COCG
SLAE Number: 2
Threads: 2
Smoothing: ResidualSmoothing
Total time: 70846 ms
Total iterations: 1265

End iteration: 1265 		 ||f - Ax^j|| / ||r^0||: 9,697994071576982E-06

Iteration	Residual		SmoothedResidual
---------	---------		---------------
1		7,755598375485206E-001	5,717639851191141E-001
2		2,874283918882073E-001	2,417166773155997E-001
3		4,438053320356915E-001	1,998219505394394E-001
4		2,856923262226276E-001	1,598244686798510E-001
5		4,843119217275310E-001	1,575288515234633E-001
6		5,695214167922226E-001	1,124604227587178E-001
7		2,171222695097603E-001	9,887673392367094E-002
8		6,577788736939907E-001	9,803322088480348E-002
9		2,812346751805231E-001	9,561062553599695E-002
10		2,237411983305079E-001	8,736431855668228E-002
11		2,987893807009292E-001	8,083372545856558E-002
12		1,588375520982178E-001	6,980265928279122E-002
13		1,956188261920286E-001	6,768573698823198E-002
14		3,065676364413028E+000	6,768573698823198E-002
15		2,216906379155755E-001	6,205900297659914E-002
16		1,386035076975859E-001	5,935321490484365E-002
17		2,859392464453666E-001	5,903304237118490E-002
18		2,157085738289741E-001	5,521004005746250E-002
19		9,877542008092847E-002	5,093638896392802E-002
20		3,350944906423738E-001	5,064465923378324E-002
21		6,526547658603148E-002	4,810348569066439E-002
22		2,234173654937281E-001	4,810348569066439E-002
23		3,567662607625163E-001	4,810348569066439E-002
24		2,713181560801783E-001	4,618449889138065E-002
25		6,541897057942692E-001	4,614738581253531E-002
26		2,785236622461497E-001	4,608895185790560E-002
27		3,387578160749282E-001	4,608895185790563E-002
28		2,550746704130156E-001	4,591085558148503E-002
29		2,192707946594140E-001	4,591085558148503E-002
30		3,005033136377166E-001	4,568436405628018E-002
31		1,691219417639583E-001	4,551797045062148E-002
32		4,872735218172616E-001	4,551797045062148E-002
33		3,052417844514940E-001	3,991787698920030E-002
34		3,725355528060253E-001	3,991787698920034E-002
35		4,638576200467379E-001	3,991032940025454E-002
36		1,218079809670840E-001	3,854910982322526E-002
37		5,176044961641321E-001	3,819593224358753E-002
38		2,157509045045609E-001	3,087231864264644E-002
39		3,124707647029747E-001	2,784859354317538E-002
40		3,333442020961850E-001	2,784859354317557E-002
41		5,864016451178979E-001	2,771952457544475E-002
42		4,188082094110946E-001	2,764903293039352E-002
43		6,800788757033842E-001	2,764903293039353E-002
44		3,010485086232502E+000	2,764903293039353E-002
45		5,303075722096565E+000	2,708518164055713E-002
46		2,479775827356827E-001	2,662850405381647E-002
47		1,248692114963556E-001	2,608019002013575E-002
48		1,195790053199994E-001	2,607928673144453E-002
49		1,296429185262061E-001	2,607928673144453E-002
50		1,539006584696230E-001	2,582278749677602E-002
51		1,745508822968258E-001	2,582278749677601E-002
52		2,357624822813530E-001	2,582278749677601E-002
53		1,130082245160314E-001	2,580465416142081E-002
54		1,097613263782455E-001	2,580465416142081E-002
55		1,274155681488685E-001	2,580465416142081E-002
56		1,365273920722483E-001	2,580465416142081E-002
57		9,899759734085369E-002	2,580465416142081E-002
58		1,758015651670437E-001	2,580465416142081E-002
59		2,147253442831314E-001	2,580465416142081E-002
60		1,031405624454534E-001	2,580465416142081E-002
61		3,919310268211422E-001	2,580465416142081E-002
62		1,799047839541601E-001	2,498996947639871E-002
63		8,907383573836189E-002	2,391448035475142E-002
64		1,973956332987246E-001	2,352971228595970E-002
65		1,567406977251652E-001	2,352971228595970E-002
66		6,763005674328799E-002	2,286351779759832E-002
67		6,533263733350518E-002	2,263780271075186E-002
68		1,831964096928816E-001	2,263780271075183E-002
69		4,294516344359176E-001	2,263780271075185E-002
70		9,285861079461299E-002	2,263780271075184E-002
71		7,821291688180863E-002	2,261952445764720E-002
72		8,491708874565056E-002	2,200960802288341E-002
73		4,481271859418740E-002	1,910246843855434E-002
74		1,641432249331945E-001	1,910246843855434E-002
75		2,785914952928860E-001	1,910246843855434E-002
76		3,738035480550235E-001	1,910246843855434E-002
77		7,479027511134915E-001	1,751555573412782E-002
78		2,211789197015857E-001	1,734055674874850E-002
79		4,320424852706661E-001	1,732533307197476E-002
80		3,393349635255566E-001	1,732533307197476E-002
81		2,616535480717311E-001	1,702905108294494E-002
82		1,545460873014109E-001	1,700891704858772E-002
83		1,524998853735735E-001	1,649004991521945E-002
84		2,541113357820070E-001	1,567975139922608E-002
85		6,233371249838561E-002	1,518122236038266E-002
86		2,441711049792611E-001	1,518122236038267E-002
87		1,522077803881852E-001	1,421442941957631E-002
88		3,049422709096226E-001	1,420313735642885E-002
89		1,635106358924202E-001	1,408883420261172E-002
90		1,369125322510964E-001	1,404011287107457E-002
91		3,506704684067081E-002	1,169934688139789E-002
92		3,934199850708144E-001	1,157508264271542E-002
93		2,141944818027555E-001	1,153980665658737E-002
94		1,787164813514772E-001	1,097222664083979E-002
95		5,251068292930137E-002	1,096938251404170E-002
96		1,258999496002304E-001	1,096938251404170E-002
97		1,150621536872807E-001	1,094912149175417E-002
98		2,004293536899838E-001	1,094912149175417E-002
99		1,779935734380642E-001	1,094912149175423E-002
100		5,912049524921921E-002	1,081216888225072E-002
101		7,299702222941976E-002	1,081216888225073E-002
102		6,047678712515555E-001	1,079019236109269E-002
103		1,280935022743585E-001	1,077103144678448E-002
104		1,387197226883086E-001	1,058023743928007E-002
105		1,015563931528650E-001	1,054324263212503E-002
106		1,656738463784850E-001	1,054324263212502E-002
107		1,159443983735544E-001	1,054186725932779E-002
108		8,981757120621750E-002	1,053139515277556E-002
109		2,286443081269109E-001	1,053139515277557E-002
110		1,391386716076469E-001	1,052979324088382E-002
111		1,806961772351640E-001	1,052979324088382E-002
112		3,153870153996408E-001	1,052979324088381E-002
113		3,371896688214798E-001	1,052938935378806E-002
114		5,422500230334042E-002	1,028167005484041E-002
115		3,196968903443138E-001	1,028167005484041E-002
116		4,423956037628308E-001	1,028167005484041E-002
117		3,750794953752448E-002	1,015092095275738E-002
118		4,611905826942093E-002	1,014506253001767E-002
119		4,674756506375780E-002	1,003488508121745E-002
120		2,542974469134559E-002	9,779929289176252E-003
121		1,543756888563172E-002	9,394308777661111E-003
122		3,973107658714348E-002	9,394308777661111E-003
123		4,450256942712442E-002	9,394308777661111E-003
124		3,297471048474380E-002	9,222205652168254E-003
125		5,879957416297824E-002	9,167658988079641E-003
126		9,184423186055937E-002	9,134949525597272E-003
127		7,407477285775933E-002	8,954941047062341E-003
128		2,968534381293835E-002	8,731494097850392E-003
129		1,127774630852186E-001	8,731494097850392E-003
130		1,649468670339236E-001	8,707055419079072E-003
131		1,119161612732406E-001	8,538642394042787E-003
132		6,594011658543641E-002	8,538300673211085E-003
133		3,295241955855651E-002	8,538195662343073E-003
134		8,065673469525461E-002	8,455522765882996E-003
135		4,340886989351696E-002	8,285414152336919E-003
136		2,758058588696910E-002	8,180253866613581E-003
137		5,894769690137022E-002	7,987615742855407E-003
138		2,716708598813711E-002	7,982217609968331E-003
139		2,077280319985865E-002	7,972726947059037E-003
140		3,683073147696474E-002	7,972726947059037E-003
141		1,461638250902081E-002	6,953360667003781E-003
142		1,137257646744213E-002	6,628143641579542E-003
143		4,385822758544801E-003	4,316866868545335E-003
144		4,848270485262687E-003	4,308475015560310E-003
145		4,527065910949087E-003	4,196890339355737E-003
146		6,220665685366605E-003	4,183216293979947E-003
147		7,487958715406643E-003	4,183216293979949E-003
148		1,070054658791988E-002	4,176757485838039E-003
149		2,752957507941558E-002	4,154252384541130E-003
150		1,550655495750700E-002	4,154252384541130E-003
151		9,603344924403662E-002	4,152655896538025E-003
152		1,295304222799045E-001	4,114118368628838E-003
153		4,921864575129476E-002	4,058583803633609E-003
154		3,464669187876578E-002	4,044227693957279E-003
155		9,438857456379682E-002	3,974161594474551E-003
156		2,950659515503044E-002	3,949088662364540E-003
157		1,902874621090495E-002	3,850863852865870E-003
158		2,174079031551921E-002	3,829992376722894E-003
159		1,637232385267660E-002	3,804132381246304E-003
160		1,280670384979891E-002	3,481003392676271E-003
161		8,075347195074986E-003	3,407686379731311E-003
162		4,089063645293351E-003	3,001719457423348E-003
163		1,736700238563088E-002	3,001719457423348E-003
164		9,992364654528921E-003	2,907187961548258E-003
165		1,116955454989004E-002	2,907187961548258E-003
166		3,601498887925076E-003	2,789358147470898E-003
167		5,380104208658950E-003	2,703588253842332E-003
168		5,589405101447772E-003	2,691099938975663E-003
169		8,732346554914405E-003	2,679945295731276E-003
170		1,884208589060670E-002	2,677070551314889E-003
171		7,390760305543913E-003	2,582379560112657E-003
172		1,166705964555393E-002	2,582379560112658E-003
173		9,046268593368684E-003	2,309137196194728E-003
174		4,729782089103477E-003	2,105787773642436E-003
175		6,361449377379250E-003	2,105787773642436E-003
176		5,567267266349945E-003	2,046606196815133E-003
177		2,920222485328338E-003	1,880287755411010E-003
178		4,020228481427067E-003	1,880287755411009E-003
179		7,538447844646938E-003	1,880287755411010E-003
180		7,630332244875952E-003	1,880287755411009E-003
181		1,271981563695324E-002	1,880287755411010E-003
182		1,158614840234444E-002	1,848736745941057E-003
183		1,029280330107332E-002	1,848736745941057E-003
184		2,469923157998628E-002	1,848736745941056E-003
185		1,453574463660579E-002	1,744539590492126E-003
186		1,200398924139701E-002	1,689779075937778E-003
187		3,084527582580521E-002	1,689779075937778E-003
188		1,228343467184886E-002	1,689779075937778E-003
189		1,671987139977357E-002	1,689249931379805E-003
190		7,538523161053746E-003	1,684161280777273E-003
191		6,943167757853688E-003	1,684154087101733E-003
192		3,039069529049539E-003	1,676181369585479E-003
193		5,801140290180570E-003	1,671626788329061E-003
194		5,284905722651537E-002	1,617700349588795E-003
195		1,318512200586869E-002	1,615611240970955E-003
196		5,154805363842008E-003	1,596101673561557E-003
197		1,093982517230214E-002	1,596101673561557E-003
198		2,368672241634791E-002	1,596101673561557E-003
199		2,481119494738371E-002	1,596101673561557E-003
200		7,899148984124593E-003	1,579421006692561E-003
201		5,023499977120197E-003	1,577363075620821E-003
202		1,014402438449792E-002	1,575106785856327E-003
203		1,122105692411901E-002	1,510306645862577E-003
204		2,099410360710547E-002	1,488508658569846E-003
205		2,587676218537528E-002	1,477130667015770E-003
206		2,110619206096652E-002	1,477130667015770E-003
207		1,159829471554288E-002	1,471026665582300E-003
208		7,489798494438659E-003	1,469766386484068E-003
209		8,945109961248927E-003	1,469413541464702E-003
210		7,249325214805827E-003	1,466275138675137E-003
211		8,492218826239987E-003	1,462048320961560E-003
212		6,977701901313679E-003	1,461512682281514E-003
213		4,323450152881776E-003	1,331829736326003E-003
214		3,004543053685554E-003	1,325721314367584E-003
215		3,606918843451689E-003	1,325721314367584E-003
216		2,971948177123664E-003	1,325711333338581E-003
217		3,331083974728533E-003	1,305231661818378E-003
218		4,896618950685079E-003	1,296658941605044E-003
219		9,883210665368352E-003	1,296658941605044E-003
220		9,238839722468270E-003	1,283054771661768E-003
221		5,595137290377454E-003	1,279345527005094E-003
222		1,482948034414809E-002	1,279345527005095E-003
223		5,929143416560143E-003	1,279345527005094E-003
224		4,725303795981657E-003	1,278065337481318E-003
225		3,906293955635520E-003	1,274406442391753E-003
226		4,516403590334022E-003	1,272971845038718E-003
227		5,167619118386107E-003	1,264076852915593E-003
228		4,402425717796781E-003	1,250349769506532E-003
229		2,973331180627424E-003	1,246358321205653E-003
230		7,422909075488566E-003	1,245512379943381E-003
231		2,767419501774315E-003	1,240945126779762E-003
232		7,478631002170991E-003	1,240945126779762E-003
233		5,299326418896287E-003	1,240945126779762E-003
234		1,056562261468678E-002	1,240945126779762E-003
235		4,500037337153346E-003	1,240945126779762E-003
236		5,257282327396110E-003	1,238815248209662E-003
237		2,488643824278754E-003	1,215521563034182E-003
238		4,530022757006753E-003	1,215465125504420E-003
239		2,948299258639196E-003	1,200855613230585E-003
240		2,928577566961139E-003	1,184676378333695E-003
241		4,800561290405208E-003	1,184676378333695E-003
242		3,404354097657668E-003	1,184675748042823E-003
243		4,139116536306909E-003	1,184675748042823E-003
244		4,359167439769491E-003	1,184184501580892E-003
245		6,312578372576328E-003	1,184184501580892E-003
246		1,466780758098423E-002	1,183841342597494E-003
247		8,118010918004898E-003	1,182937251953167E-003
248		1,762246828599830E-002	1,182937251953167E-003
249		2,317170234738700E-002	1,182937251953167E-003
250		3,943415272816476E-002	1,182937251953167E-003
251		1,868308963047688E-002	1,180108447789506E-003
252		2,328152308078165E-002	1,180108447789506E-003
253		2,254165898551200E-002	1,179800692227201E-003
254		9,823984407158910E-003	1,178746919273821E-003
255		1,476153142894629E-002	1,178746919273821E-003
256		1,550395122100168E-002	1,178163127060572E-003
257		9,758437835840329E-003	1,178163127060572E-003
258		5,265721283147133E-003	1,175506615729062E-003
259		1,433806447543217E-002	1,175506615729062E-003
260		3,166117618089839E-002	1,175506615729062E-003
261		2,538810234950888E-002	1,175451257379033E-003
262		3,742637418421351E-002	1,169681040378550E-003
263		1,320478588933196E-002	1,162332362656205E-003
264		9,654415897519357E-003	1,149821478835740E-003
265		2,288882137900152E-002	1,149821478835740E-003
266		2,692579801072875E-002	1,149821478835740E-003
267		1,162804160815385E-002	1,134898059945382E-003
268		2,231260202228897E-002	1,128158876199213E-003
269		1,974665167948437E-002	1,124987781095448E-003
270		3,667549494203511E-002	1,124987781095448E-003
271		4,408662573435389E-002	1,115822116436149E-003
272		3,021816861615346E-002	1,110426978292628E-003
273		7,622850568864192E-002	1,110320095394143E-003
274		3,449977123167518E-002	1,110320095394143E-003
275		3,446990384607181E-002	1,110320095394143E-003
276		3,074481525125768E-002	1,110320095394143E-003
277		2,214615721237405E-002	1,107493225849442E-003
278		6,179157189443270E-002	1,107493225849442E-003
279		1,334364522351805E-002	1,107493225849442E-003
280		9,779870995300317E-003	1,092580480863282E-003
281		1,275515329441100E-002	1,089987165038167E-003
282		2,573663940530110E-002	1,089987165038167E-003
283		4,234242398722256E-002	1,082653477964522E-003
284		1,558434140223490E-002	1,082653477964522E-003
285		1,469380790128233E-002	1,082653477964522E-003
286		9,862000721067269E-003	1,045384597816302E-003
287		6,162971361648808E-003	1,018744817620643E-003
288		6,531921196466179E-003	1,018744817620643E-003
289		1,076506616862381E-002	1,018744817620643E-003
290		2,087654938167188E-002	1,016121850789965E-003
291		8,244681288490539E-003	1,016115957301583E-003
292		7,482077265318592E-003	1,015048953998347E-003
293		5,809987580922995E-003	1,014853541623729E-003
294		1,395590962767712E-001	1,014853541623729E-003
295		9,824668669273836E-003	1,014108368309622E-003
296		5,726695077272626E-003	1,011982533031156E-003
297		1,531400510565966E-002	1,011982533031156E-003
298		7,850158901579416E-003	1,011980858751843E-003
299		1,549946548219494E-002	1,010993598578053E-003
300		1,350819402166300E-002	9,902806690145487E-004
301		8,003464137093156E-003	9,712669819047164E-004
302		8,014403773512044E-003	9,520835356169721E-004
303		8,193678309851652E-003	9,371937952494191E-004
304		9,649596555911249E-003	9,371937952494192E-004
305		5,431605271343179E-003	8,951595599920360E-004
306		5,290545913125346E-003	8,951539205926614E-004
307		2,568368926991929E-002	8,943823908955791E-004
308		1,445422836689380E-002	8,943823908955813E-004
309		6,086690143191229E-003	8,943823908955789E-004
310		4,780290009914835E-002	8,943823908955786E-004
311		1,246103049964398E-002	8,610055411818264E-004
312		9,025750152989998E-003	8,591678444260985E-004
313		1,484275505593311E-002	8,580156181879312E-004
314		6,720699799075006E-003	8,580005580871704E-004
315		6,013092854536625E-003	8,535318188882922E-004
316		9,637494943584681E-003	8,535318188882924E-004
317		4,163422749887158E-003	8,500270129620093E-004
318		7,047097256055601E-003	8,500270129620097E-004
319		1,772522269148298E-002	8,500270129620093E-004
320		1,113567339970695E-002	8,500270129620099E-004
321		4,777827919486866E-003	8,500270129620092E-004
322		1,023383512314804E-002	8,500270129620098E-004
323		1,932872348798712E-002	8,491103739901751E-004
324		1,141606978645987E-002	8,491103739901744E-004
325		2,079413766154685E-002	8,491103739901752E-004
326		1,868323913536193E-002	8,491103739901752E-004
327		1,047747209257021E-001	8,491103739901755E-004
328		5,919046606173176E-002	8,491103739901755E-004
329		1,726736111781957E-002	8,491103739901751E-004
330		1,003055083083656E-001	8,491103739901751E-004
331		6,584169772756625E-002	8,491103739901756E-004
332		6,743527852745072E-002	8,471978864271989E-004
333		1,905981144918544E-002	8,471978864271996E-004
334		8,078291234807966E-003	8,471978864271995E-004
335		8,892635378795555E-003	8,471978864271987E-004
336		1,355806709358601E-002	8,471978864271989E-004
337		1,792315641263565E-002	8,443481426182079E-004
338		1,261896957654930E-002	8,443448429460657E-004
339		1,633807894046278E-002	8,443448429460657E-004
340		6,306497608287316E-003	8,443448429460653E-004
341		1,218075049089673E-002	8,387317416887884E-004
342		3,244538580571990E-003	8,257548112563761E-004
343		6,092932877260369E-003	8,257280375270857E-004
344		1,460041520880976E-002	8,257280375270857E-004
345		4,872502790300876E-002	8,218593591706014E-004
346		7,003149218178979E-003	8,209352509378578E-004
347		6,161841813222340E-003	8,209352509378578E-004
348		2,258728391392308E-002	8,178321597689718E-004
349		1,416481351224005E-002	8,178321597689718E-004
350		1,910593873934175E-002	8,178321597689718E-004
351		1,102827378263019E-001	8,178321597689718E-004
352		2,645748004247745E-002	8,176251960346586E-004
353		6,903514246589770E-003	8,103470240135753E-004
354		3,444767242972042E-003	8,017779993010254E-004
355		4,378902798923699E-003	7,635037566458312E-004
356		4,737458522936762E-003	7,548612700329006E-004
357		5,272354616753560E-003	7,362185829548396E-004
358		8,035016652172480E-003	7,357180873337593E-004
359		3,928497421345062E-003	7,204620393131034E-004
360		3,210003876267439E-003	7,187388986641601E-004
361		4,174243358103409E-003	7,187388986641601E-004
362		1,984656265600567E-002	7,187388986641601E-004
363		1,142986380466674E-002	7,184160797244721E-004
364		6,120439754123103E-003	7,184050304242121E-004
365		2,732014375246947E-003	7,026639228153502E-004
366		2,491603099617088E-002	7,026639228153502E-004
367		2,986742556417996E-003	6,954796794103898E-004
368		9,137817372689799E-003	6,946682849973473E-004
369		5,036521716276406E-003	6,941462746290735E-004
370		3,941102217418047E-003	6,931556789677829E-004
371		1,820611770775190E-002	6,645766285431546E-004
372		2,446473738361977E-003	6,394783838780555E-004
373		6,343017232805771E-003	6,314091666416996E-004
374		2,110420088211687E-003	6,311353892773530E-004
375		2,298908994808447E-003	6,258048955242842E-004
376		4,218991861463549E-003	6,253555718608823E-004
377		6,821673483252206E-003	6,219372310367708E-004
378		2,909599403338793E-002	6,210180460272036E-004
379		1,229971475462041E-002	6,177064575794795E-004
380		1,833876709235611E-002	6,147457808629991E-004
381		1,055308397994669E-002	6,127639096201684E-004
382		1,595449258532337E-002	6,127639096201684E-004
383		7,486769628443813E-003	6,084980292250647E-004
384		6,229696501264727E-003	6,048346749185273E-004
385		6,194108795158857E-003	5,937885691994108E-004
386		1,815288628160680E-002	5,929698549952463E-004
387		5,742483328184766E-003	5,910724899858715E-004
388		1,098080045187878E-002	5,910724899858715E-004
389		1,154275966583163E-002	5,910724899858715E-004
390		1,217873373248300E-002	5,908366581469633E-004
391		3,935570760075457E-003	5,859414981018717E-004
392		2,608999020555489E-003	5,840270533971408E-004
393		6,067552469689516E-003	5,840270533971408E-004
394		3,394052690580898E-003	5,693695767643187E-004
395		3,327062371133217E-003	5,691736528107418E-004
396		4,507243957185242E-003	5,691736528107418E-004
397		3,028322293687960E-003	5,691736528107418E-004
398		1,308510323823521E-003	5,546661368128139E-004
399		6,906707495399563E-003	5,524460453108144E-004
400		2,216032806782279E-002	5,495454399574450E-004
401		1,626841700120706E-003	5,409513239361988E-004
402		2,759067823476100E-003	5,297379848017108E-004
403		2,956662914676736E-003	5,232534404320673E-004
404		2,581261350500124E-003	5,232534404320673E-004
405		2,381282602870579E-003	5,232251672045015E-004
406		1,923819215140378E-003	5,232251672045015E-004
407		8,305542118099658E-003	5,232251672045015E-004
408		2,965667436101593E-003	5,232251672045015E-004
409		1,621293387445769E-003	5,232251672045015E-004
410		2,281735912968820E-003	5,232251672045015E-004
411		1,817620843372107E-003	5,216552062013688E-004
412		2,148016384454230E-003	5,216552062013688E-004
413		1,970514214482100E-003	5,212133821642064E-004
414		3,735027281449574E-003	5,169937514451690E-004
415		2,169419324483990E-003	5,126967502503928E-004
416		1,699597039677210E-003	5,086976683630482E-004
417		8,770596211867337E-004	5,006240468883522E-004
418		1,696488646296348E-003	5,006240468883523E-004
419		1,277986312171564E-002	4,987503011915632E-004
420		2,154583297935283E-003	4,878403924061689E-004
421		1,553373125717500E-003	4,851068456025917E-004
422		6,747747302632907E-003	4,817469488778986E-004
423		8,375802003504951E-004	4,463249817851263E-004
424		1,101483829828498E-003	4,409380701248309E-004
425		5,293769556453881E-004	4,243514893904539E-004
426		1,562083769896195E-003	4,243514893904537E-004
427		1,007515924201604E-003	4,242520571857490E-004
428		2,295411373643399E-003	4,242520571857492E-004
429		8,384001470658434E-004	3,928227646125368E-004
430		2,713935069091336E-003	3,896251291028116E-004
431		1,821319909865091E-003	3,896251291028116E-004
432		2,273034829473955E-003	3,896251291028116E-004
433		4,320651698245396E-003	3,896251291028110E-004
434		4,438436477854090E-003	3,896251291028116E-004
435		2,956072247980845E-003	3,896251291028116E-004
436		6,558695789430587E-003	3,896251291028116E-004
437		2,207021437419029E-002	3,896251291028116E-004
438		2,179612730975585E-003	3,896251291028116E-004
439		2,939254588642152E-003	3,876301378789749E-004
440		2,908190786039197E-003	3,845832713536662E-004
441		2,146130491297695E-003	3,743789946923987E-004
442		1,065669160776586E-002	3,710527601767856E-004
443		1,307752118480745E-002	3,710527601767857E-004
444		6,274270380279348E-003	3,710527601767857E-004
445		1,816188235443992E-002	3,710527601767857E-004
446		1,215857368694457E-002	3,710527601767858E-004
447		7,947088659485228E-003	3,687930221285016E-004
448		3,930562696252563E-003	3,679123874113189E-004
449		1,675227607871380E-002	3,679123874113190E-004
450		4,541687523011528E-003	3,678601586894246E-004
451		3,311307617756205E-003	3,550575426802160E-004
452		9,532254672456900E-003	3,533415215184028E-004
453		7,588203899649031E-003	3,533415215184027E-004
454		8,002752522946067E-003	3,532916310833933E-004
455		2,115974334362516E-003	3,266748299751956E-004
456		4,742968691310232E-003	3,264048900739702E-004
457		8,811950983728788E-003	3,263380591091973E-004
458		6,490565833976045E-003	3,263380591091974E-004
459		2,673430535746539E-003	3,223477256887432E-004
460		2,805172985503214E-003	3,223207521164966E-004
461		3,243482614947725E-003	3,182273750440163E-004
462		2,131016422776471E-003	3,085645438068107E-004
463		1,536838594948346E-003	3,085576966510660E-004
464		1,873547802471432E-003	3,085576966510663E-004
465		2,091775919954972E-003	3,070546479938549E-004
466		1,593241139078898E-003	3,036096768493526E-004
467		1,375169605124528E-003	3,005735153167669E-004
468		3,884997795247930E-003	3,005735153167669E-004
469		1,862150936030623E-003	2,956733614223003E-004
470		7,701744454994747E-003	2,956733614223003E-004
471		1,497997114528630E-003	2,956695394997837E-004
472		1,844538722994830E-003	2,956695394997835E-004
473		2,310396479781544E-003	2,956695389902841E-004
474		4,730421620358036E-003	2,956531865438606E-004
475		2,125707327524734E-003	2,954839479462865E-004
476		2,097209450603825E-003	2,907114102021371E-004
477		4,953651100358391E-003	2,907114102021371E-004
478		4,970176866315079E-003	2,893621209470924E-004
479		1,399771048402657E-003	2,701227205990145E-004
480		4,556453239205072E-003	2,701227205990145E-004
481		4,745871684491726E-003	2,682675020926834E-004
482		3,088401878009055E-003	2,682675020926834E-004
483		1,717272871561202E-003	2,682675020926834E-004
484		1,941206577633602E-003	2,682675020926834E-004
485		7,851471452389538E-004	2,668525239153337E-004
486		6,958519541032005E-004	2,667801535185970E-004
487		7,167561510067371E-004	2,667801535185970E-004
488		8,033856736558275E-004	2,667801535185970E-004
489		1,664623527430027E-003	2,654384986319725E-004
490		1,188005363518910E-003	2,619506282948721E-004
491		8,609480309444258E-004	2,619444598055246E-004
492		1,053269060542601E-003	2,618784567628905E-004
493		2,400365660804589E-003	2,618750924509635E-004
494		9,603211736135394E-004	2,618750924509631E-004
495		9,024235440127542E-004	2,618750924509633E-004
496		2,112881196369839E-003	2,618750924509633E-004
497		8,224479375389264E-004	2,618743878673585E-004
498		8,166105378737498E-004	2,618700784957071E-004
499		2,616320718866466E-003	2,618700784957071E-004
500		5,749398019915832E-003	2,618700784957071E-004
501		2,196938856965933E-003	2,614675528628107E-004
502		3,252719883313296E-003	2,614675528628107E-004
503		2,473027689348336E-003	2,614675528628107E-004
504		2,067315729435357E-003	2,614646245102033E-004
505		2,003083740653172E-003	2,587434437856283E-004
506		1,539493557938709E-002	2,580351941959612E-004
507		4,627186640780842E-003	2,578838682484773E-004
508		4,538494632216236E-003	2,578838682484773E-004
509		2,037805731444096E-002	2,578838682484772E-004
510		9,650539369507131E-003	2,578838682484771E-004
511		1,130729597141187E-002	2,577954861093333E-004
512		3,523238587327420E-003	2,577954861093335E-004
513		2,388036750474371E-003	2,526064448920633E-004
514		1,519224610427104E-003	2,520537540305910E-004
515		1,932990659047660E-003	2,520537540305912E-004
516		3,824712732698105E-003	2,508375538995632E-004
517		4,918209542117406E-003	2,489583201740421E-004
518		3,342757559494993E-002	2,489583201740421E-004
519		2,140752722088652E-002	2,489583201740421E-004
520		1,280395207716948E-003	2,238356462811502E-004
521		1,835339623126713E-003	2,238356462811502E-004
522		9,386926824485244E-003	2,169639278609612E-004
523		1,697298195562865E-003	2,158384668880504E-004
524		1,378928226783893E-003	2,140120472924069E-004
525		1,798634674375606E-003	2,138672183142101E-004
526		1,158730800093508E-003	2,051128055345296E-004
527		6,699185138288341E-004	2,016004854415544E-004
528		6,283279829775491E-004	2,015934921046295E-004
529		7,229199998220357E-004	2,015934921046293E-004
530		1,854803949791025E-003	2,010292189221498E-004
531		9,078530349158605E-004	1,968537146516513E-004
532		2,147369656155266E-003	1,931818700745059E-004
533		1,632376097464352E-003	1,931668234840791E-004
534		1,496820067095237E-003	1,931668234840793E-004
535		2,548488956023217E-003	1,931668234840793E-004
536		3,842770027090409E-003	1,931668234840793E-004
537		2,638103189120426E-003	1,931668234840793E-004
538		1,992090628581012E-003	1,931668234840792E-004
539		4,570942198582916E-003	1,931668234840793E-004
540		1,537794764851760E-003	1,905508117580193E-004
541		1,727357365040377E-003	1,873741207112070E-004
542		1,543261410373258E-003	1,873739915453407E-004
543		1,473656578087824E-003	1,873492966653846E-004
544		1,287328234752103E-003	1,873492966653846E-004
545		1,130749809432829E-003	1,861022568812320E-004
546		1,499384553830917E-003	1,840976431921190E-004
547		6,672750872122331E-004	1,826478603662027E-004
548		6,195274898269668E-004	1,823124438118220E-004
549		1,032467768948401E-003	1,823124438118220E-004
550		6,397688387554278E-004	1,823124438118221E-004
551		9,003642491212546E-004	1,823124438118220E-004
552		1,509732368918357E-003	1,823124438118220E-004
553		1,169119014624782E-003	1,810599037303728E-004
554		8,025277195918414E-004	1,792499652671217E-004
555		7,775614769855053E-004	1,792476937921843E-004
556		4,878985966042923E-004	1,726241361450212E-004
557		6,891867579220223E-004	1,598634264793295E-004
558		1,518296807442799E-003	1,596832482006252E-004
559		1,565068172495296E-003	1,596832482006253E-004
560		2,949739579261315E-003	1,588867769145578E-004
561		3,474094028610877E-003	1,588867769145575E-004
562		3,494302490504537E-003	1,587365017130669E-004
563		4,348862707075329E-003	1,587365017130668E-004
564		1,494914155363644E-003	1,587365017130669E-004
565		5,218237396491845E-004	1,582739471034781E-004
566		1,325887741478523E-003	1,552129861277548E-004
567		3,221051615677300E-004	1,520900281810539E-004
568		9,131814933620502E-004	1,443804631852711E-004
569		8,307806333818510E-004	1,443804631852711E-004
570		1,658892611449427E-003	1,443085175449709E-004
571		4,421226387793706E-004	1,422328059089509E-004
572		1,047914217601812E-003	1,418048529472129E-004
573		7,179042405391883E-004	1,414920769078540E-004
574		2,614039187871413E-004	1,294045736720144E-004
575		2,802086282291464E-004	1,289957643417813E-004
576		4,653407601609039E-003	1,288812888097253E-004
577		6,303854738716738E-004	1,278490711130173E-004
578		1,951673446152943E-003	1,270183850235150E-004
579		8,587992031183733E-004	1,270183850235150E-004
580		4,888537718245536E-004	1,258754688875251E-004
581		2,706275288338942E-004	1,113618408397007E-004
582		3,343403612839183E-004	1,092114927521658E-004
583		3,881805775886027E-004	1,070985397978702E-004
584		2,461918671314759E-004	1,069377917855197E-004
585		4,219422476314887E-004	1,055740010998520E-004
586		2,511398823146344E-004	9,378536091360357E-005
587		3,712440231549740E-004	9,359819955430003E-005
588		7,647799125068141E-004	9,359819955430003E-005
589		2,450110205610629E-004	9,103363194101444E-005
590		2,033373063507262E-004	9,079109253984165E-005
591		2,648741283268649E-004	9,079109253984165E-005
592		4,092211887384506E-004	9,076196227754433E-005
593		2,934721791336283E-004	8,618964947564651E-005
594		2,200966241005260E-004	8,052263838356899E-005
595		5,382052087811708E-004	7,919623347491683E-005
596		3,275218538070095E-004	7,899717528926561E-005
597		4,765434486647197E-004	7,899717528926561E-005
598		1,531435167014370E-004	7,601338958522677E-005
599		1,837355257676928E-004	7,497642669082683E-005
600		4,041421843816769E-004	7,420302880842968E-005
601		2,601806570454122E-004	7,420302880842968E-005
602		2,862835190287905E-004	7,420302880842968E-005
603		4,664181619759022E-004	7,227405523474827E-005
604		1,606636713286429E-004	6,823529959164430E-005
605		2,171529619129025E-004	6,734897022596685E-005
606		5,548878891907104E-004	6,734602582285858E-005
607		7,623445477851185E-005	6,111284903684515E-005
608		7,131709557572298E-005	5,798198505771317E-005
609		1,182916809515958E-004	5,693840620482766E-005
610		1,503891365458891E-004	5,693840620482766E-005
611		3,338725981151805E-004	5,693840620482770E-005
612		3,122006641794708E-004	5,693840620482767E-005
613		2,547632327112767E-004	5,693840620482768E-005
614		1,876419421596634E-004	5,693840620482770E-005
615		2,457817325800888E-004	5,682683492190092E-005
616		5,737720911862128E-004	5,682683492190094E-005
617		9,014098907671193E-004	5,682683492190094E-005
618		2,659822740274915E-004	5,680251753667168E-005
619		3,314405289786451E-004	5,672966641452651E-005
620		4,656159745693053E-004	5,499182260945940E-005
621		1,840910930296326E-003	5,459038481936441E-005
622		1,440260659324871E-003	5,424211413586339E-005
623		5,841969889398064E-004	5,424211413586339E-005
624		4,420165053910956E-003	5,424211413586339E-005
625		3,070306396026882E-003	5,424211413586339E-005
626		6,557232776187819E-004	5,251031415054944E-005
627		2,397010482001991E-003	5,247178192604935E-005
628		7,072325527695974E-004	5,247178192604935E-005
629		3,075239066021524E-003	5,247178192604935E-005
630		6,219810755739338E-004	5,244402349672802E-005
631		6,489532185315140E-004	5,244402349672802E-005
632		3,299673650289303E-004	5,244402349672802E-005
633		2,916126045085574E-004	5,244402349672802E-005
634		4,469196338676749E-004	5,244402349672802E-005
635		6,021395353336146E-004	5,243703751483593E-005
636		3,962294160445669E-004	5,211492109476933E-005
637		4,373665315220913E-004	5,170932557405377E-005
638		6,619527456499087E-004	5,137700323863421E-005
639		1,007802697509201E-003	5,137700323863421E-005
640		1,164176606962749E-003	5,126573975293566E-005
641		1,072282970652842E-003	5,089025471282343E-005
642		1,024065332301383E-003	5,089025471282343E-005
643		8,084702464539905E-004	5,086301932998818E-005
644		7,463402941009147E-004	5,043578465465234E-005
645		7,669635165756023E-004	5,043578465465234E-005
646		2,206399126946334E-003	5,043578465465234E-005
647		8,057268803187157E-004	5,038083400450267E-005
648		1,025955444729778E-003	5,010497884306426E-005
649		6,940460879448263E-003	5,006631918592929E-005
650		7,774736213535855E-004	5,006631918592929E-005
651		7,446711337378983E-004	4,978930821918800E-005
652		1,023301359601807E-003	4,977392239428339E-005
653		8,661504827407415E-004	4,971606087284117E-005
654		8,296333310466178E-004	4,971602022315258E-005
655		1,308186342700116E-003	4,949587742408628E-005
656		1,239047990877272E-003	4,949587742408628E-005
657		8,680792367251451E-004	4,942027155261372E-005
658		7,669296693543784E-004	4,939955849287347E-005
659		9,327886825869741E-003	4,939955849287347E-005
660		2,246122366898868E-003	4,934282136073228E-005
661		1,129600685766244E-003	4,934282136073212E-005
662		1,146977908349106E-003	4,930750471667319E-005
663		1,370088878736484E-003	4,930467829164568E-005
664		9,537959202321781E-004	4,930442206328820E-005
665		1,333500734346257E-003	4,925805233018314E-005
666		6,703855093830264E-004	4,925751834253002E-005
667		3,934902122757554E-004	4,925395200204523E-005
668		4,794862103774613E-004	4,925395200204523E-005
669		7,672580714887033E-004	4,925395200204523E-005
670		2,141452445973650E-003	4,889648173256449E-005
671		9,343233110319293E-004	4,885459919497299E-005
672		7,994671605714249E-004	4,783613177665379E-005
673		7,452605946704559E-004	4,771946856111526E-005
674		9,939037493428742E-004	4,765691341270485E-005
675		2,580919835806945E-003	4,765691341270485E-005
676		1,175450316352773E-003	4,765691341270485E-005
677		6,008769547988986E-003	4,765647157917861E-005
678		2,940436064934547E-003	4,765307354403583E-005
679		2,880656482526855E-004	4,721043214672805E-005
680		2,343759865927988E-004	4,685356653836361E-005
681		2,374964960660078E-004	4,685351259008582E-005
682		4,316820685311388E-004	4,685351259008582E-005
683		7,258464410281260E-004	4,681909405378678E-005
684		5,759080638900831E-004	4,609952637597328E-005
685		8,872071831176491E-004	4,609952637597328E-005
686		1,712090484442488E-003	4,609952637597328E-005
687		1,640076750161991E-003	4,607103752915597E-005
688		8,661152719857544E-004	4,561962778847767E-005
689		1,143572915743162E-003	4,449413833698309E-005
690		5,914982545530143E-004	4,428366088759780E-005
691		4,851622888293806E-004	4,364466643386520E-005
692		1,571554453930479E-003	4,364466643386520E-005
693		9,659436170547447E-004	4,360376079529919E-005
694		2,578895032243288E-004	4,307151079586007E-005
695		3,506048586350791E-004	4,307151079586006E-005
696		1,956253470619569E-004	4,306186249014594E-005
697		3,251517935727798E-004	4,305937250768601E-005
698		4,526908256110920E-004	4,208871917396433E-005
699		2,927072973474167E-004	4,174126738555550E-005
700		3,015404377007860E-004	4,166579793339883E-005
701		1,183253252539105E-004	4,150680448517485E-005
702		1,384108702684201E-004	4,150680448517486E-005
703		2,344799314868580E-004	4,149205267321768E-005
704		1,478267574309930E-004	4,148976905171639E-005
705		1,508058369577763E-004	4,148976905171637E-005
706		1,990834953535770E-004	4,148678774223495E-005
707		3,539662638727270E-004	4,148678774223496E-005
708		4,270224934745848E-004	4,148678774223499E-005
709		3,573919685959101E-004	4,148678774223495E-005
710		4,477515647019916E-004	4,148678774223494E-005
711		5,214540547448303E-003	4,148678774223494E-005
712		1,719926997880914E-003	4,148678774223494E-005
713		7,616480125292142E-004	4,148678774223486E-005
714		1,734804453298062E-003	4,140112589150142E-005
715		2,149605807670157E-003	4,140112589150144E-005
716		3,715125434983756E-003	4,140112589150141E-005
717		1,401469318524866E-003	4,140112589150144E-005
718		1,138326454025765E-003	4,139183249415857E-005
719		1,556262348459079E-003	4,139183249415859E-005
720		2,339150092954675E-003	4,139183249415862E-005
721		1,101468772506154E-003	4,139183249415863E-005
722		1,267438170800668E-003	4,139183249415861E-005
723		8,780911085058711E-004	4,139183249415864E-005
724		5,599543054676913E-004	4,139183249415857E-005
725		8,959452132850517E-004	4,139183249415863E-005
726		2,987977954101832E-003	4,139183249415862E-005
727		7,622874618670515E-004	4,139183249415861E-005
728		4,699211832428431E-004	4,139183249415862E-005
729		5,147972616905594E-004	4,139183249415860E-005
730		1,783267198132939E-003	4,139183249415859E-005
731		1,216501101186548E-003	4,139183249415860E-005
732		3,066674443743328E-003	4,135350264055442E-005
733		8,534390429093530E-004	4,135350264055442E-005
734		2,509031547869979E-003	4,133799651964312E-005
735		1,461357442152096E-003	4,130657552560963E-005
736		3,107152578592883E-003	4,130441426850244E-005
737		6,190201408273411E-004	4,130441426850244E-005
738		4,700831716927097E-004	4,130441426850245E-005
739		3,997130366552425E-004	4,130441426850243E-005
740		5,657421395414611E-004	4,130441426850245E-005
741		5,904729776679588E-004	4,130441426850244E-005
742		1,087020247780326E-003	4,130441426850243E-005
743		5,919421806335325E-004	4,130441426850244E-005
744		1,940596108630479E-003	4,130441426850245E-005
745		5,666413275019348E-003	4,130441426850245E-005
746		5,070145974783421E-004	4,130441426850245E-005
747		6,010835225602068E-004	4,130441426850243E-005
748		6,122385889496172E-004	4,130441426850244E-005
749		4,304917387788975E-004	4,130441426850243E-005
750		6,771628191587361E-004	4,130441426850244E-005
751		3,951129387330344E-003	4,130441426850244E-005
752		1,283075685455720E-003	4,130441426850244E-005
753		7,634070607057883E-004	4,130441426850244E-005
754		8,935807144716593E-004	4,130441426850245E-005
755		9,274387399887665E-004	4,130441426850244E-005
756		1,069907204384140E-003	4,130441426850245E-005
757		7,444827124961889E-003	4,130441426850245E-005
758		4,053455361031518E-003	4,130441426850244E-005
759		3,739289848319599E-003	4,130441426850243E-005
760		1,789603372563737E-003	4,130441426850243E-005
761		2,830245653126593E-003	4,129512905374612E-005
762		5,949931998416380E-004	4,128399250376803E-005
763		1,026884819886470E-003	4,128399250376803E-005
764		7,353753156059660E-004	4,128399250376801E-005
765		1,235290835006692E-003	4,127731528331830E-005
766		4,627788756219219E-003	4,127041703110089E-005
767		2,291368610633304E-003	4,126861392906916E-005
768		2,456013439190976E-003	4,126861392906913E-005
769		1,345826804207037E-003	4,126861392906913E-005
770		8,540114970368195E-004	4,126861392906913E-005
771		7,742037728435601E-004	4,126861392906911E-005
772		6,784406635525321E-004	4,126861392906913E-005
773		6,158057116655075E-004	4,126861392906913E-005
774		7,363401504758248E-004	4,126861392906913E-005
775		1,143197890656657E-003	4,120630117783943E-005
776		1,031367004938040E-003	4,119661058389999E-005
777		9,749201309670190E-004	4,118916923668374E-005
778		1,605299092874627E-003	4,118747978368043E-005
779		3,463366888479926E-003	4,118747978368044E-005
780		1,011131856426139E-003	4,118747978368044E-005
781		7,263394482712955E-004	4,118747978368042E-005
782		8,906773529328048E-004	4,118747978368043E-005
783		1,996402258205011E-003	4,117399587766792E-005
784		1,734566099475022E-003	4,117399587766792E-005
785		9,380924453258589E-004	4,117024140224552E-005
786		2,316555703891720E-003	4,117016720020456E-005
787		1,996082170731878E-003	4,114953493154475E-005
788		5,183998735066918E-004	4,108207378896653E-005
789		6,177067882288522E-004	4,103116866534046E-005
790		1,892259529955211E-003	4,103116866534044E-005
791		1,209781886424309E-003	4,103116866534046E-005
792		1,913203640797953E-003	4,101521359484107E-005
793		9,842538058124090E-004	4,101441285171219E-005
794		3,258880104352075E-004	4,090812854567373E-005
795		1,979257220811867E-003	4,090812854567371E-005
796		2,176490621445940E-004	4,076804114907682E-005
797		4,234661461566832E-004	4,061620675143703E-005
798		5,571031911504982E-004	4,061620675143703E-005
799		3,400016547713720E-004	4,057986899228685E-005
800		6,018025662815153E-004	4,057986899228683E-005
801		2,549013012748078E-004	4,050550700269807E-005
802		1,685104330284792E-004	4,026565873833070E-005
803		1,477480561039132E-004	3,995270955650346E-005
804		2,096237803408802E-004	3,990895177044985E-005
805		6,336245828535909E-004	3,990895177044984E-005
806		5,905418254018526E-004	3,986793423783236E-005
807		3,981811902012549E-004	3,986793423783240E-005
808		9,350412093738260E-004	3,986768687649153E-005
809		7,359544316776584E-004	3,976040685186630E-005
810		8,183411959713470E-004	3,973780834950306E-005
811		6,527075939543098E-004	3,953617760072795E-005
812		6,356208725926232E-004	3,944678335536315E-005
813		1,768624487684344E-003	3,944516070185888E-005
814		1,134790709688119E-003	3,939382011701763E-005
815		9,608525888289083E-004	3,939382011701763E-005
816		5,027325511236887E-004	3,938697479261320E-005
817		8,578803434954513E-004	3,938335846142803E-005
818		6,513593502649222E-004	3,917513935764680E-005
819		3,817846264094977E-004	3,912012557771269E-005
820		6,266022092938924E-004	3,909118313914822E-005
821		1,546581776623032E-003	3,909118313914822E-005
822		1,501310976965748E-003	3,909118313914822E-005
823		3,764871764434354E-003	3,909118313914822E-005
824		1,689644237758986E-003	3,909118313914822E-005
825		1,449943488373173E-003	3,909118313914822E-005
826		1,621404788677509E-003	3,900044478456501E-005
827		1,015379838155133E-003	3,888832654297077E-005
828		8,382119232733514E-004	3,888832654297077E-005
829		1,027760921712824E-003	3,883888700519295E-005
830		5,556572502241003E-004	3,883888700519294E-005
831		3,025864508624926E-004	3,883888700519295E-005
832		5,392539520599362E-004	3,876229122346070E-005
833		6,125998401519696E-004	3,874517754985073E-005
834		5,132414095328591E-004	3,870835362467990E-005
835		3,411652976460698E-004	3,867048380809048E-005
836		8,966388752596019E-004	3,864880187046328E-005
837		6,252572436784866E-004	3,864880187046328E-005
838		2,626104299538857E-004	3,835483779459229E-005
839		6,139935526876347E-004	3,835451716480303E-005
840		2,078645812972521E-003	3,833312856524753E-005
841		1,421797465089721E-003	3,831256247200044E-005
842		1,337609663403912E-003	3,831256247200044E-005
843		3,783948888412790E-003	3,831256247200044E-005
844		1,087747615495968E-003	3,829817386957665E-005
845		3,841923733141507E-003	3,827399161351526E-005
846		7,191548837328682E-004	3,825382256745166E-005
847		6,357640359800242E-004	3,824391068352530E-005
848		6,607919782435491E-004	3,816274650145479E-005
849		3,189043527835304E-004	3,813960543550581E-005
850		4,008422461377657E-004	3,813960543550581E-005
851		5,105847193350559E-004	3,813960543550581E-005
852		6,338001468563168E-004	3,813960543550581E-005
853		5,516628805611566E-004	3,812174525254693E-005
854		3,792426448734159E-003	3,810489826315821E-005
855		4,341493948968287E-003	3,808938839540124E-005
856		2,951254166083630E-003	3,808938839540124E-005
857		2,387703741512365E-003	3,808938839540124E-005
858		7,042362985660269E-003	3,805269053536444E-005
859		2,139275074523600E-003	3,804750217883921E-005
860		1,673009765215346E-003	3,800805990447395E-005
861		6,710012354381781E-004	3,798566663385114E-005
862		8,301141013690658E-004	3,769431957952968E-005
863		3,563419987571475E-004	3,744773084679174E-005
864		1,430002797915844E-003	3,744312140587192E-005
865		1,907252514329183E-003	3,743618949294367E-005
866		6,001203428629942E-004	3,723704582046668E-005
867		8,368134227486008E-004	3,723704582046668E-005
868		2,781224578295561E-004	3,651941636123312E-005
869		1,869748339293560E-004	3,607141487950934E-005
870		6,891160381735730E-004	3,591218431118620E-005
871		1,131564281137444E-003	3,591166291309933E-005
872		2,472782311628799E-004	3,591149242213078E-005
873		2,258663623541201E-004	3,587877774320597E-005
874		3,270950208213301E-004	3,555976479532701E-005
875		2,856689623261206E-004	3,547628956671801E-005
876		1,991392147021320E-004	3,546073061790540E-005
877		1,235890283311244E-004	3,438555538096212E-005
878		6,199460448036348E-004	3,437719853344480E-005
879		9,122131711310766E-005	3,414252900156314E-005
880		9,147939854556765E-005	3,412884554102796E-005
881		7,871651802490807E-005	3,401453511659150E-005
882		1,770418072076866E-004	3,399998145362742E-005
883		1,623766382031645E-004	3,399998145362742E-005
884		9,452478725207979E-005	3,361559644980928E-005
885		6,744825201254226E-005	3,351273813303470E-005
886		1,068132774098592E-004	3,351273813303470E-005
887		6,743927714971048E-004	3,351177023786894E-005
888		9,955515818048808E-005	3,335888315724778E-005
889		7,494215789694723E-005	3,335806186438278E-005
890		1,097937070222766E-004	3,326043500378664E-005
891		1,260467405717891E-004	3,316128173996536E-005
892		2,602386151459235E-004	3,316128173996536E-005
893		1,434422316203329E-004	3,303281998633178E-005
894		1,075800276366547E-004	3,282712838243563E-005
895		9,652020799635551E-005	3,279565703985331E-005
896		4,478255694914978E-005	3,181936082899066E-005
897		9,713588791671040E-005	3,173864364736438E-005
898		6,817597177801852E-005	3,167076116813830E-005
899		5,628298439622469E-005	3,147664005619887E-005
900		2,192912607635029E-004	3,147636931067131E-005
901		1,216262568736066E-004	3,147636931067131E-005
902		1,481860764976543E-004	3,144021131104030E-005
903		4,222111168003230E-004	3,144021131104030E-005
904		1,789653822181556E-004	3,125519209269848E-005
905		8,004285601311780E-005	3,091249818596421E-005
906		8,968718373874306E-005	3,091249818596421E-005
907		1,081417141735932E-004	3,038805462261558E-005
908		1,547668742081758E-004	3,009483591499906E-005
909		9,435224639124915E-005	3,009005209951590E-005
910		1,004719398721020E-003	3,009005209951591E-005
911		1,563265818214555E-003	3,009005209951589E-005
912		2,863562145612536E-004	3,009005209951590E-005
913		7,171219031611884E-004	3,009005209951588E-005
914		3,505095563840750E-004	3,000122884122180E-005
915		2,480499097073372E-004	2,990671405858142E-005
916		3,275789931511161E-004	2,989574425712879E-005
917		1,949163623337525E-004	2,989574425712877E-005
918		9,348058996515914E-005	2,980572276866393E-005
919		1,722120906553358E-004	2,980572276866394E-005
920		3,285826443159279E-004	2,980572276866393E-005
921		3,904668748219697E-004	2,980572276866394E-005
922		3,309969380408829E-004	2,980572276866394E-005
923		4,307281919933367E-004	2,980572276866391E-005
924		1,646126109772191E-004	2,866749170913571E-005
925		1,773847637102084E-004	2,840622117402335E-005
926		2,916943639509221E-004	2,830134509865417E-005
927		5,139625948379609E-004	2,830134509865415E-005
928		4,139528413787668E-004	2,830134509865419E-005
929		1,835986836747470E-004	2,830134509865419E-005
930		4,239086773420929E-004	2,830100714039883E-005
931		4,271002465735101E-004	2,827897848967338E-005
932		7,423169432167494E-004	2,827897848967345E-005
933		7,486922222838580E-004	2,827897848967329E-005
934		5,721960956809374E-004	2,820762754491059E-005
935		3,314554166002650E-004	2,812918506082897E-005
936		5,581510090132060E-004	2,812918506082898E-005
937		1,690936031305750E-003	2,812918506082898E-005
938		5,191033314824639E-004	2,812918506082897E-005
939		9,426261071495816E-004	2,812918506082897E-005
940		6,359089047244088E-004	2,812918506082896E-005
941		9,888886365017114E-004	2,812918506082883E-005
942		2,528272013493677E-003	2,812898159477015E-005
943		3,660807795973084E-003	2,812898159477015E-005
944		8,327910295915020E-004	2,812898159477015E-005
945		8,851513527503405E-004	2,812898159477009E-005
946		1,019594260239723E-003	2,812898159477013E-005
947		6,733641829192205E-004	2,812130219287352E-005
948		2,866699032203212E-003	2,808078342531230E-005
949		1,517651785296396E-003	2,807283966668354E-005
950		4,906652440079126E-003	2,806205148153481E-005
951		3,102878413788726E-003	2,806205148153481E-005
952		1,790331460741319E-003	2,806195038080524E-005
953		8,635968828340381E-004	2,783997717806648E-005
954		8,152315561732093E-004	2,768057644166583E-005
955		8,145689805927655E-004	2,766259475255118E-005
956		5,031292340324251E-004	2,760606150457293E-005
957		8,836210137799595E-003	2,760400140098303E-005
958		1,297762175219689E-003	2,759636344520239E-005
959		8,971077850612526E-004	2,759636344520239E-005
960		5,818076374643336E-004	2,759636344520238E-005
961		5,032572518629011E-003	2,755202176288483E-005
962		3,463796298093175E-003	2,755202176288488E-005
963		3,171944251606424E-004	2,749565721551048E-005
964		4,580067466723266E-004	2,749071430653262E-005
965		1,267018023455075E-003	2,745918460673216E-005
966		8,393450542412567E-004	2,740771927766563E-005
967		8,510629780304229E-004	2,739454615499586E-005
968		1,805190504810280E-003	2,739406163349877E-005
969		1,285380512509280E-003	2,737505288348403E-005
970		2,699630174312926E-003	2,737452172525234E-005
971		2,183736947020438E-003	2,737452172525234E-005
972		5,771953107899931E-003	2,737452172525234E-005
973		4,246322271857934E-003	2,737452172525234E-005
974		2,477666665501720E-003	2,736035225825245E-005
975		1,557248830823273E-003	2,732717473909591E-005
976		7,352398945659780E-004	2,732687766114112E-005
977		4,206383065593470E-004	2,729653235166889E-005
978		3,808727784530098E-004	2,701441125478481E-005
979		3,475709823186850E-004	2,690396001510722E-005
980		2,230958545872213E-003	2,684390448961321E-005
981		6,038802623814965E-004	2,684390448961321E-005
982		1,297786423066259E-003	2,684013553838411E-005
983		5,938966236388016E-004	2,682392318240865E-005
984		1,723465088009600E-003	2,682392318240865E-005
985		9,827122489413983E-004	2,680242959779017E-005
986		9,218021307571584E-004	2,679659845821543E-005
987		1,698347046905833E-003	2,679659845821543E-005
988		2,676048145806863E-003	2,679659845821543E-005
989		2,567593371236534E-003	2,677621573491168E-005
990		2,118587762376581E-003	2,677621573491168E-005
991		6,689305928127196E-004	2,670146613421417E-005
992		1,556071000316475E-003	2,670142872558441E-005
993		1,304843549257378E-003	2,668827459374257E-005
994		1,008474560880036E-003	2,668827459374257E-005
995		4,610364263224078E-004	2,668827459374257E-005
996		3,023601804435587E-003	2,665055944459751E-005
997		8,676410256880361E-004	2,662337481798922E-005
998		1,227528984340741E-003	2,662337481798922E-005
999		6,942249912151586E-004	2,662337481798922E-005
1000		1,088519757526010E-003	2,661865138138326E-005
1001		6,796486935367494E-004	2,647677001606516E-005
1002		8,562179075267222E-004	2,639864850234114E-005
1003		3,522634420361813E-004	2,628949347956202E-005
1004		3,157222800888168E-004	2,608908779755254E-005
1005		1,693272227596850E-004	2,603901966940675E-005
1006		2,366146697667463E-004	2,603901966940675E-005
1007		5,728929141369632E-004	2,601707279321961E-005
1008		5,467674494327596E-004	2,601707279321961E-005
1009		1,815571934601216E-003	2,601707279321961E-005
1010		6,875353694284959E-004	2,601707279321961E-005
1011		2,615551813241898E-004	2,598513099412333E-005
1012		5,109851384476657E-004	2,598270255597981E-005
1013		1,754942411877987E-004	2,596072540931389E-005
1014		2,908310391975740E-004	2,596072540931389E-005
1015		7,626955471590067E-004	2,596072540931389E-005
1016		6,468664810726071E-004	2,596072540931389E-005
1017		4,387292178622859E-004	2,592853382462931E-005
1018		1,735655586645636E-004	2,579007515080932E-005
1019		2,862575197296541E-004	2,561032693393825E-005
1020		1,692234425603345E-004	2,554652636830594E-005
1021		4,989823670889422E-004	2,517918198190735E-005
1022		1,163080977863331E-003	2,514587210310126E-005
1023		4,130669880586076E-004	2,504314187834421E-005
1024		3,736562316328351E-004	2,482993315875340E-005
1025		5,947123783679795E-004	2,478771008604236E-005
1026		8,415818931033905E-004	2,476749847318730E-005
1027		3,201075010006226E-004	2,473710966927458E-005
1028		3,443857934189779E-004	2,473710966927458E-005
1029		2,722964237927787E-004	2,472758630551189E-005
1030		2,787036329550532E-004	2,472758630551189E-005
1031		2,889464327794276E-004	2,472758630551189E-005
1032		4,075197196978550E-004	2,471778752477475E-005
1033		6,018693453733037E-004	2,469293701323490E-005
1034		1,854177335198199E-003	2,465898277739518E-005
1035		1,717880262599435E-003	2,465898277739518E-005
1036		1,202633752449073E-003	2,465804755206493E-005
1037		1,242929002829569E-003	2,465804755206493E-005
1038		9,993013775527713E-004	2,465804755206493E-005
1039		3,257211259073984E-004	2,465804755206493E-005
1040		6,455111607873050E-004	2,465804755206493E-005
1041		1,987910183702954E-003	2,465804755206493E-005
1042		3,295495467133095E-004	2,465804755206493E-005
1043		5,768136252116334E-004	2,465804755206493E-005
1044		5,145261049857589E-004	2,465461338089232E-005
1045		5,626024872702236E-004	2,465461338089232E-005
1046		5,247238936924013E-004	2,465461338089232E-005
1047		1,231644637934276E-003	2,465461338089232E-005
1048		6,265079626053241E-004	2,464610323274073E-005
1049		3,574814487630247E-004	2,453535641624626E-005
1050		4,983375318460207E-004	2,449219311359902E-005
1051		2,747508928614694E-004	2,447249947881581E-005
1052		3,015029963276042E-004	2,446495325922740E-005
1053		2,617680430964293E-004	2,446170136974971E-005
1054		1,887554367165409E-004	2,446170136974971E-005
1055		2,261525643733707E-004	2,441081061481041E-005
1056		3,114858462718085E-004	2,438306565320406E-005
1057		2,384488226357556E-004	2,438269939784432E-005
1058		3,665925328840970E-004	2,434778927120372E-005
1059		3,870178025121810E-004	2,428162010495561E-005
1060		7,508610557945435E-004	2,428014736170126E-005
1061		1,161460098321529E-003	2,427903359080948E-005
1062		6,228528072262347E-004	2,427896671309595E-005
1063		1,679874421010365E-003	2,427577990757229E-005
1064		2,314121973780533E-004	2,427577990757229E-005
1065		5,932414139517262E-004	2,427359901827645E-005
1066		9,567723396143020E-004	2,427106087418387E-005
1067		5,859512476908691E-004	2,424947546703231E-005
1068		1,045964926452135E-003	2,423268066911860E-005
1069		8,213060959854755E-004	2,423268066911860E-005
1070		4,519915475331084E-003	2,422858735822566E-005
1071		2,321945674346483E-003	2,419638088616139E-005
1072		8,797754742875303E-004	2,417382927665767E-005
1073		2,747955568932077E-003	2,417382927665767E-005
1074		1,078985989760326E-003	2,415991336540039E-005
1075		4,441390157221656E-004	2,400370421538886E-005
1076		8,878854748898443E-004	2,394548750368055E-005
1077		5,180105634100940E-004	2,394504681939397E-005
1078		5,664257757920552E-004	2,394504681939397E-005
1079		1,393967797280093E-003	2,393850021369609E-005
1080		1,241381635370764E-003	2,380220129315861E-005
1081		3,226996615705774E-004	2,376382225119602E-005
1082		5,656547262458309E-004	2,374429159006044E-005
1083		4,074973198743817E-004	2,370211715617985E-005
1084		1,938276841440157E-004	2,361472272419757E-005
1085		3,047774165342652E-004	2,361298764654576E-005
1086		3,478502564946493E-004	2,361298764654576E-005
1087		3,407852833040301E-004	2,361291536218414E-005
1088		2,355670929053025E-004	2,361291536218414E-005
1089		2,740109690661599E-004	2,357505622148555E-005
1090		2,917030573728987E-004	2,354650498551139E-005
1091		1,513681800550003E-004	2,354561199318450E-005
1092		2,585135680823675E-004	2,354561199318450E-005
1093		5,357831563436104E-004	2,354423580466352E-005
1094		4,450327173605288E-003	2,354423580466352E-005
1095		4,000579598281154E-004	2,353929754950924E-005
1096		4,383458039044361E-004	2,353832656929666E-005
1097		2,384003313482183E-004	2,345672224292270E-005
1098		1,181970782744168E-004	2,325603923729039E-005
1099		9,929188824759173E-005	2,324963996925308E-005
1100		2,122421561070041E-004	2,324963996925304E-005
1101		1,340639259005278E-004	2,323396062544804E-005
1102		4,570477009958738E-004	2,323396062544804E-005
1103		2,704721525307698E-004	2,323396062544804E-005
1104		1,127927152620352E-004	2,323396062544807E-005
1105		1,979131471491294E-004	2,321734434665605E-005
1106		1,793718464338523E-004	2,317993578377328E-005
1107		1,235539026288873E-004	2,299861251741409E-005
1108		1,692549474242165E-004	2,298688498472514E-005
1109		3,205000529808586E-004	2,298161274166374E-005
1110		6,443070329684456E-004	2,297972530760769E-005
1111		2,444975843106412E-003	2,297972530760769E-005
1112		2,014687773704533E-002	2,293156124052531E-005
1113		2,759687627792648E-003	2,293156124052531E-005
1114		6,546468302709199E-004	2,285466582248249E-005
1115		4,988369756363112E-004	2,281284139676563E-005
1116		1,498980309993056E-004	2,274752049473959E-005
1117		2,106830560731858E-004	2,253950055751079E-005
1118		1,018929552084024E-003	2,252847344864888E-005
1119		9,706607449760967E-004	2,252847344864888E-005
1120		2,030519881845239E-004	2,252847344864888E-005
1121		1,756368769317526E-003	2,252847344864888E-005
1122		2,199400428620572E-003	2,252847344864887E-005
1123		1,700821837610792E-003	2,252486085968684E-005
1124		5,249173827796981E-004	2,252486085968684E-005
1125		3,684922968323557E-004	2,252270312564961E-005
1126		3,238677294319735E-004	2,240133158772626E-005
1127		4,235911399688646E-004	2,239886819767511E-005
1128		3,429754515307448E-004	2,236941719206394E-005
1129		2,808673122500052E-004	2,232350149644313E-005
1130		5,077313104024658E-004	2,220076211605133E-005
1131		4,013973477717744E-004	2,220069858475482E-005
1132		2,324508229743264E-004	2,220069858475482E-005
1133		3,236092943347547E-004	2,212140004670667E-005
1134		1,546802130899964E-004	2,167035435649675E-005
1135		3,316310730414686E-004	2,144325312940189E-005
1136		3,546227565376020E-004	2,144317648503672E-005
1137		4,380677373935131E-004	2,142994243155946E-005
1138		5,827740051768890E-004	2,142993867479258E-005
1139		7,750600512550031E-004	2,139576835223892E-005
1140		4,009968111386322E-004	2,136901431626485E-005
1141		3,151858013263309E-004	2,132410167967938E-005
1142		7,799003807701352E-004	2,132410167967938E-005
1143		7,952518650941143E-004	2,132410167967938E-005
1144		4,121381150875219E-004	2,131945247335005E-005
1145		2,870233935983574E-004	2,117392607495474E-005
1146		1,963590360733105E-004	2,115900249394303E-005
1147		8,928108375302082E-005	2,084294614041929E-005
1148		1,550984331667857E-004	2,084294614041929E-005
1149		4,685400032433481E-004	2,064134890251216E-005
1150		1,958275431537984E-004	2,063130242007351E-005
1151		1,354071388076137E-004	2,062368342332135E-005
1152		2,645839655675557E-004	2,060860808103364E-005
1153		1,693783502322097E-004	2,058052009793318E-005
1154		1,193678194217163E-003	2,057799635165810E-005
1155		1,128652941639151E-003	2,056417388721205E-005
1156		3,714297955504388E-004	2,056314291715658E-005
1157		1,900236893453118E-004	2,050884595452861E-005
1158		1,042606680904010E-004	2,039323147998188E-005
1159		2,193151531170012E-004	2,039323147998187E-005
1160		1,354407266153087E-004	2,011041524738742E-005
1161		1,525441115361832E-004	2,010704834132277E-005
1162		3,559426811799332E-004	2,010704834132267E-005
1163		4,134678901948176E-004	2,010704834132267E-005
1164		2,672565138019427E-004	2,010011680935688E-005
1165		4,163852127874310E-004	2,010011680935688E-005
1166		5,373869435382071E-004	2,010011680935688E-005
1167		3,771054987770284E-004	2,009964155930778E-005
1168		1,113518306679350E-003	2,008497306412658E-005
1169		1,291653909592841E-004	1,972461781593623E-005
1170		1,896811880176189E-004	1,962500013928501E-005
1171		1,418219067558204E-004	1,924614423401939E-005
1172		1,007676829244486E-004	1,914467005732255E-005
1173		1,046739854572891E-003	1,903297330734770E-005
1174		1,193717854360443E-004	1,896182447832816E-005
1175		1,385508614328448E-004	1,896182447832817E-005
1176		2,976663458314169E-004	1,896182447832816E-005
1177		2,677537760890216E-004	1,896182447832815E-005
1178		4,166367655203062E-004	1,896182447832816E-005
1179		3,692951545569719E-004	1,896182447832817E-005
1180		3,509526969931050E-004	1,896182447832816E-005
1181		2,048722805454969E-004	1,896173948922959E-005
1182		1,888848043883577E-004	1,896173948922959E-005
1183		1,799447477519981E-004	1,890924349155179E-005
1184		1,564648297648125E-004	1,866328674944688E-005
1185		8,432154071189965E-005	1,800454995131420E-005
1186		7,710296849837353E-005	1,800145350101539E-005
1187		7,533906984284032E-005	1,791640975043148E-005
1188		3,429297288846802E-004	1,791640975043148E-005
1189		2,877342621654524E-004	1,791640975043148E-005
1190		9,276535241716722E-005	1,788847101335122E-005
1191		8,470256089755471E-005	1,775795347958657E-005
1192		1,284427247685208E-004	1,755366973264696E-005
1193		8,406926836723503E-005	1,732530467745794E-005
1194		2,223257960019386E-004	1,698488451814938E-005
1195		2,784385050319817E-004	1,698488451814938E-005
1196		1,548461155918910E-004	1,698281738062357E-005
1197		9,111775130063448E-004	1,698281738062357E-005
1198		2,965798239543986E-004	1,698281738062357E-005
1199		7,000276838240566E-004	1,698281738062357E-005
1200		1,799323471318719E-004	1,698281738062357E-005
1201		1,727113913395590E-004	1,698281738062357E-005
1202		1,700351328386541E-004	1,697671603852171E-005
1203		7,788029662673199E-004	1,697671603852171E-005
1204		1,361993299306976E-003	1,695737212413856E-005
1205		1,491766085955626E-003	1,695737212413856E-005
1206		2,426188703496529E-003	1,695737212413856E-005
1207		1,025819265434724E-003	1,694890406011341E-005
1208		3,720815599385048E-004	1,694890406011341E-005
1209		8,080249188083039E-004	1,692100709531625E-005
1210		4,667129954837785E-004	1,672870148575851E-005
1211		4,331853266847238E-004	1,660112471067533E-005
1212		1,717246222451828E-004	1,647711915345701E-005
1213		3,153760603719720E-004	1,647588774157764E-005
1214		1,193748211437129E-003	1,647588774157764E-005
1215		8,901340716428271E-005	1,634798993426418E-005
1216		7,487809251459254E-005	1,625547139088897E-005
1217		9,423950489840359E-005	1,623696021743036E-005
1218		8,952936474837853E-005	1,623692958335191E-005
1219		7,433451143852422E-005	1,623457408424083E-005
1220		6,157313533138418E-005	1,603890626515403E-005
1221		1,206869067455853E-004	1,585315466926113E-005
1222		7,606898366471634E-005	1,585315466926113E-005
1223		1,188488584817970E-004	1,585315466926113E-005
1224		4,832135211974904E-003	1,585315466926107E-005
1225		2,744901198318805E-004	1,581996617147075E-005
1226		5,438501436085746E-004	1,581996617147072E-005
1227		4,218651570202137E-004	1,581259598526919E-005
1228		2,451917790439899E-004	1,581259598526921E-005
1229		3,881231894157631E-004	1,581259598526919E-005
1230		5,035666376036882E-004	1,581082301330222E-005
1231		2,124239227133576E-004	1,580152792902662E-005
1232		1,142738544170317E-004	1,569070658000019E-005
1233		1,061736880835510E-004	1,550043778808813E-005
1234		8,095482743222876E-005	1,546375430119815E-005
1235		1,055455988867259E-004	1,534766995328759E-005
1236		1,982503933163814E-004	1,534766995328759E-005
1237		3,199780287199545E-004	1,534766995328759E-005
1238		1,093022149293466E-004	1,518835831372388E-005
1239		8,563394195317683E-005	1,517877291626673E-005
1240		7,066419480099273E-005	1,492075796639888E-005
1241		1,616313450662011E-004	1,491981817039388E-005
1242		1,886778242649640E-004	1,491715267025807E-005
1243		1,540079458953244E-004	1,468745235453376E-005
1244		5,218908205602070E-004	1,468745235453370E-005
1245		2,842041723424834E-003	1,464919248190112E-005
1246		2,061665170198112E-004	1,443986282419472E-005
1247		1,841158912581829E-004	1,422478708008864E-005
1248		1,010026220482076E-004	1,411607358024467E-005
1249		1,278212944067118E-004	1,411607358024470E-005
1250		2,147806408215612E-004	1,411607358024471E-005
1251		1,161964901265151E-004	1,409840888655135E-005
1252		7,345401476640287E-005	1,409125610465981E-005
1253		3,139158341199319E-005	1,314049415847055E-005
1254		4,333644855551313E-005	1,301259086728755E-005
1255		3,312544676607466E-005	1,260828064999567E-005
1256		1,796097815460387E-005	1,203140446649596E-005
1257		1,899783585426079E-005	1,202915268810061E-005
1258		2,410738941385158E-005	1,199463587453893E-005
1259		1,858095842579813E-005	1,103396255974519E-005
1260		4,231527474076751E-005	1,089723697919181E-005
1261		4,235704242063614E-005	1,020343991117062E-005
1262		2,326098550097126E-005	1,011125945257232E-005
1263		2,370323790766517E-005	1,001532664443502E-005
1264		2,491262821378096E-005	9,697994071546965E-006
End iteration: 1265 		 ||f - Ax^j|| / ||r^0||: 9,697994071576982E-06
