Method: COCG
SLAE Number: 2
Threads: 4
Smoothing: ResidualSmoothing
Total time: 58411 ms
Total iterations: 1263

End iteration: 1263 		 ||f - Ax^j|| / ||r^0||: 9,679309375436307E-06

Iteration	Residual		SmoothedResidual
---------	---------		---------------
1		7,755598375485226E-001	5,717639851191152E-001
2		2,874283918882080E-001	2,417166773156014E-001
3		4,438053320356931E-001	1,998219505394404E-001
4		2,856923262226289E-001	1,598244686798521E-001
5		4,843119217275327E-001	1,575288515234642E-001
6		5,695214167922230E-001	1,124604227587182E-001
7		2,171222695097590E-001	9,887673392367113E-002
8		6,577788736939812E-001	9,803322088480372E-002
9		2,812346751805269E-001	9,561062553599714E-002
10		2,237411983305101E-001	8,736431855668442E-002
11		2,987893807009356E-001	8,083372545856819E-002
12		1,588375520982211E-001	6,980265928279404E-002
13		1,956188261920372E-001	6,768573698823430E-002
14		3,065676364413016E+000	6,768573698823427E-002
15		2,216906379155757E-001	6,205900297660121E-002
16		1,386035076975919E-001	5,935321490484703E-002
17		2,859392464453341E-001	5,903304237118829E-002
18		2,157085738289468E-001	5,521004005746359E-002
19		9,877542008093121E-002	5,093638896392883E-002
20		3,350944906424865E-001	5,064465923378456E-002
21		6,526547658601266E-002	4,810348569065976E-002
22		2,234173654937401E-001	4,810348569065965E-002
23		3,567662607623889E-001	4,810348569065966E-002
24		2,713181560800822E-001	4,618449889137914E-002
25		6,541897057936731E-001	4,614738581253355E-002
26		2,785236622453921E-001	4,608895185790166E-002
27		3,387578160760250E-001	4,608895185790143E-002
28		2,550746704130131E-001	4,591085558148415E-002
29		2,192707946584312E-001	4,591085558148418E-002
30		3,005033136358044E-001	4,568436405627792E-002
31		1,691219417630080E-001	4,551797045061534E-002
32		4,872735218119172E-001	4,551797045061530E-002
33		3,052417844502500E-001	3,991787698915024E-002
34		3,725355528043056E-001	3,991787698915027E-002
35		4,638576200441146E-001	3,991032940020407E-002
36		1,218079809667853E-001	3,854910982316385E-002
37		5,176044961623620E-001	3,819593224353303E-002
38		2,157509045038848E-001	3,087231864259311E-002
39		3,124707647017342E-001	2,784859354312655E-002
40		3,333442020948539E-001	2,784859354312653E-002
41		5,864016451133616E-001	2,771952457539461E-002
42		4,188082094086372E-001	2,764903293034664E-002
43		6,800788756991754E-001	2,764903293034661E-002
44		3,010485086215300E+000	2,764903293034655E-002
45		5,303075722063326E+000	2,708518164052053E-002
46		2,479775827317390E-001	2,662850405377710E-002
47		1,248692114948836E-001	2,608019002010377E-002
48		1,195790053186055E-001	2,607928673141229E-002
49		1,296429185247760E-001	2,607928673141229E-002
50		1,539006584683522E-001	2,582278749675703E-002
51		1,745508822949925E-001	2,582278749675705E-002
52		2,357624822808505E-001	2,582278749675704E-002
53		1,130082245149563E-001	2,580465416140304E-002
54		1,097613263775127E-001	2,580465416140309E-002
55		1,274155681481879E-001	2,580465416140304E-002
56		1,365273920703904E-001	2,580465416140308E-002
57		9,899759733946532E-002	2,580465416140309E-002
58		1,758015651637325E-001	2,580465416140309E-002
59		2,147253442752798E-001	2,580465416140310E-002
60		1,031405624403440E-001	2,580465416140310E-002
61		3,919310268087413E-001	2,580465416140310E-002
62		1,799047839476022E-001	2,498996947596621E-002
63		8,907383573748544E-002	2,391448035458113E-002
64		1,973956333000104E-001	2,352971228567770E-002
65		1,567406977260137E-001	2,352971228567773E-002
66		6,763005673844932E-002	2,286351779679270E-002
67		6,533263732825485E-002	2,263780270971041E-002
68		1,831964096697834E-001	2,263780270971041E-002
69		4,294516343951492E-001	2,263780270971040E-002
70		9,285861078437961E-002	2,263780270971040E-002
71		7,821291687523187E-002	2,261952445659810E-002
72		8,491708874312724E-002	2,200960802260074E-002
73		4,481271859493857E-002	1,910246843735982E-002
74		1,641432249595697E-001	1,910246843735983E-002
75		2,785914953123592E-001	1,910246843735983E-002
76		3,738035480513388E-001	1,910246843735984E-002
77		7,479027511035788E-001	1,751555573378860E-002
78		2,211789196958557E-001	1,734055674832263E-002
79		4,320424852509466E-001	1,732533307159382E-002
80		3,393349635123143E-001	1,732533307159382E-002
81		2,616535480640574E-001	1,702905108280775E-002
82		1,545460872981382E-001	1,700891704837814E-002
83		1,524998853762672E-001	1,649004991446773E-002
84		2,541113357969262E-001	1,567975139926748E-002
85		6,233371250034691E-002	1,518122236027649E-002
86		2,441711050174143E-001	1,518122236027650E-002
87		1,522077803819777E-001	1,421442941953356E-002
88		3,049422709765847E-001	1,420313735628447E-002
89		1,635106359195285E-001	1,408883420180511E-002
90		1,369125322589894E-001	1,404011287026940E-002
91		3,506704683886773E-002	1,169934688254832E-002
92		3,934199850967407E-001	1,157508264401685E-002
93		2,141944818826592E-001	1,153980665818442E-002
94		1,787164813599618E-001	1,097222664027932E-002
95		5,251068292927445E-002	1,096938251361994E-002
96		1,258999495669964E-001	1,096938251361996E-002
97		1,150621536766014E-001	1,094912149057720E-002
98		2,004293536207342E-001	1,094912149057724E-002
99		1,779935733919366E-001	1,094912149057719E-002
100		5,912049518062083E-002	1,081216887535174E-002
101		7,299702208829593E-002	1,081216887535174E-002
102		6,047678694721329E-001	1,079019235792286E-002
103		1,280935022232740E-001	1,077103144441295E-002
104		1,387197225393931E-001	1,058023743648973E-002
105		1,015563930437824E-001	1,054324262811562E-002
106		1,656738460045745E-001	1,054324262811562E-002
107		1,159443975311038E-001	1,054186725646670E-002
108		8,981757117132065E-002	1,053139514815718E-002
109		2,286443075501869E-001	1,053139514815718E-002
110		1,391386715307722E-001	1,052979323583738E-002
111		1,806961760759946E-001	1,052979323583738E-002
112		3,153870112661076E-001	1,052979323583737E-002
113		3,371896587287619E-001	1,052938934398185E-002
114		5,422500208399093E-002	1,028167005102384E-002
115		3,196968891875872E-001	1,028167005102384E-002
116		4,423956019644274E-001	1,028167005102381E-002
117		3,750794855745184E-002	1,015092087949735E-002
118		4,611905564296066E-002	1,014506242688365E-002
119		4,674756581320030E-002	1,003488479418764E-002
120		2,542974578732814E-002	9,779929251457969E-003
121		1,543756832259571E-002	9,394308762017314E-003
122		3,973107261953689E-002	9,394308762017295E-003
123		4,450256538781587E-002	9,394308762017297E-003
124		3,297470994927842E-002	9,222205741199059E-003
125		5,879957355073209E-002	9,167659062809953E-003
126		9,184422980614720E-002	9,134949610756176E-003
127		7,407477074592322E-002	8,954941128030053E-003
128		2,968534358538957E-002	8,731494180744610E-003
129		1,127774638201220E-001	8,731494180744613E-003
130		1,649468674152955E-001	8,707055623699216E-003
131		1,119161611554998E-001	8,538642462766952E-003
132		6,594011640030374E-002	8,538300733821237E-003
133		3,295241897292409E-002	8,538195730873419E-003
134		8,065673142093929E-002	8,455523031936002E-003
135		4,340886492994526E-002	8,285414127562236E-003
136		2,758058566517333E-002	8,180254052764175E-003
137		5,894769312698059E-002	7,987616286351643E-003
138		2,716708145930050E-002	7,982218076258351E-003
139		2,077280069552993E-002	7,972727202625691E-003
140		3,683073180144653E-002	7,972727202625693E-003
141		1,461638071709625E-002	6,953358093604074E-003
142		1,137257421100608E-002	6,628141855436861E-003
143		4,385822654426582E-003	4,316866569557779E-003
144		4,848270404657427E-003	4,308474657474319E-003
145		4,527065831255148E-003	4,196890135878405E-003
146		6,220665737296549E-003	4,183216154446168E-003
147		7,487958171794603E-003	4,183216154446167E-003
148		1,070054490529308E-002	4,176757382630642E-003
149		2,752957425853625E-002	4,154252233341380E-003
150		1,550655466492848E-002	4,154252233341378E-003
151		9,603338209314699E-002	4,152655726318915E-003
152		1,295302783712294E-001	4,114118132385872E-003
153		4,921861162426664E-002	4,058583492518243E-003
154		3,464665993946083E-002	4,044227390815729E-003
155		9,438841029422103E-002	3,974161227306725E-003
156		2,950658686253426E-002	3,949088557893787E-003
157		1,902876696114207E-002	3,850863480876385E-003
158		2,174080387451984E-002	3,829992198676263E-003
159		1,637233242677853E-002	3,804132100795979E-003
160		1,280671180987861E-002	3,481003775937994E-003
161		8,075348922009324E-003	3,407686442623115E-003
162		4,089063920914276E-003	3,001719103822708E-003
163		1,736700268199568E-002	3,001719103822705E-003
164		9,992367184908741E-003	2,907187838326790E-003
165		1,116955822830233E-002	2,907187838326790E-003
166		3,601498282302157E-003	2,789357912187308E-003
167		5,380109472924968E-003	2,703588279434663E-003
168		5,589410166134680E-003	2,691099953249398E-003
169		8,732385575073007E-003	2,679944711894048E-003
170		1,884227816492513E-002	2,677070298793168E-003
171		7,390808291099527E-003	2,582381094783279E-003
172		1,166719602315247E-002	2,582381094783268E-003
173		9,046358356413575E-003	2,309158335578267E-003
174		4,729798756456754E-003	2,105817606461266E-003
175		6,361487530314671E-003	2,105817606461266E-003
176		5,567267356316401E-003	2,046636622846524E-003
177		2,920224433052507E-003	1,880312939840626E-003
178		4,020227957250621E-003	1,880312939840626E-003
179		7,538702981924013E-003	1,880312939840626E-003
180		7,630579407218042E-003	1,880312939840626E-003
181		1,272034032121253E-002	1,880312939840626E-003
182		1,158625574320410E-002	1,848755767618388E-003
183		1,029287913533260E-002	1,848755767618387E-003
184		2,469984940055756E-002	1,848755767618378E-003
185		1,453589112366007E-002	1,744580899431796E-003
186		1,200437953961564E-002	1,689809075190628E-003
187		3,084780635926066E-002	1,689809075190628E-003
188		1,228338887279708E-002	1,689809075190627E-003
189		1,671950386414816E-002	1,689281547390695E-003
190		7,538835040113405E-003	1,684176961547998E-003
191		6,942571869664392E-003	1,684170034816752E-003
192		3,039173015083765E-003	1,676209481875387E-003
193		5,800776398668381E-003	1,671636184519543E-003
194		5,284451255741832E-002	1,617827370000961E-003
195		1,318471834051157E-002	1,615731052657901E-003
196		5,154775992583780E-003	1,596217580191523E-003
197		1,094019082729030E-002	1,596217580191521E-003
198		2,368713780389038E-002	1,596217580191521E-003
199		2,481059971293724E-002	1,596217580191521E-003
200		7,900915629850867E-003	1,579529777913392E-003
201		5,023139573037139E-003	1,577480803097494E-003
202		1,014335015772885E-002	1,575221404052870E-003
203		1,121998637795616E-002	1,510356049641349E-003
204		2,098989363785803E-002	1,488615210562327E-003
205		2,587706696997037E-002	1,477202609653357E-003
206		2,110339009253927E-002	1,477202609653357E-003
207		1,157471185482528E-002	1,471151958970988E-003
208		7,493375021286773E-003	1,469861014433913E-003
209		8,981559072598204E-003	1,469526192112485E-003
210		7,234579607787399E-003	1,466284068697814E-003
211		8,463996568950242E-003	1,462370059385018E-003
212		6,528198405051366E-003	1,460825520229352E-003
213		3,678537001270168E-003	1,315761315105372E-003
214		3,015445922857204E-003	1,312826466391924E-003
215		3,211083968563791E-003	1,310281697098791E-003
216		3,455720352064748E-003	1,294947535431189E-003
217		3,979365210025818E-003	1,294947535431189E-003
218		5,696927046155697E-003	1,268181601647743E-003
219		1,053962415865832E-002	1,268181601647744E-003
220		9,996156076088602E-003	1,261817164563709E-003
221		5,537953149149300E-003	1,255327899168857E-003
222		1,601453303431275E-002	1,255327899168857E-003
223		6,986735307110392E-003	1,255327899168858E-003
224		5,026112203749924E-003	1,252107435763967E-003
225		3,889056076522277E-003	1,249949088529632E-003
226		4,531312195207526E-003	1,249868732015347E-003
227		5,234957894771811E-003	1,236682924974635E-003
228		4,450105539197525E-003	1,219237539062374E-003
229		2,953942039094228E-003	1,214801954591630E-003
230		7,420543352664811E-003	1,212271996047130E-003
231		2,769628697740312E-003	1,209495641318996E-003
232		7,464595293784297E-003	1,209495641318996E-003
233		5,298853977028805E-003	1,209495641318996E-003
234		1,056081307864157E-002	1,209495641318995E-003
235		4,506572047152134E-003	1,209495641318996E-003
236		5,252324493807112E-003	1,208084581060974E-003
237		2,489487184669931E-003	1,189538207939779E-003
238		4,529615941934551E-003	1,189538207939779E-003
239		2,948092010745023E-003	1,176589794170029E-003
240		2,929222097720110E-003	1,164680092571519E-003
241		4,800189960854987E-003	1,164680092571518E-003
242		3,404331860669064E-003	1,164680092571519E-003
243		4,139165707692988E-003	1,164680092571519E-003
244		4,359496800157675E-003	1,163835768252534E-003
245		6,312646721822914E-003	1,163835768252535E-003
246		1,466874099525400E-002	1,163789516323579E-003
247		8,117903755706122E-003	1,163150233157160E-003
248		1,762297967407210E-002	1,163150233157160E-003
249		2,317000108255878E-002	1,163150233157160E-003
250		3,943306232790110E-002	1,163141573611095E-003
251		1,868309750407400E-002	1,160297803150316E-003
252		2,328166040620021E-002	1,160297803150316E-003
253		2,254286857187093E-002	1,160043420471945E-003
254		9,824111972004130E-003	1,159434696703306E-003
255		1,476125007998279E-002	1,159434696703307E-003
256		1,550402121001650E-002	1,159005552448837E-003
257		9,758375683413808E-003	1,159005552448838E-003
258		5,265604502055775E-003	1,156556122519733E-003
259		1,433861934770843E-002	1,156556122519733E-003
260		3,164996229878703E-002	1,156556122519733E-003
261		2,538769304534688E-002	1,156546936021838E-003
262		3,741747276762595E-002	1,151232529402089E-003
263		1,320329341935844E-002	1,142752084616425E-003
264		9,655448901015790E-003	1,133188945392620E-003
265		2,288752050221734E-002	1,133188945392619E-003
266		2,692315372243263E-002	1,133188945392621E-003
267		1,162895245368818E-002	1,119947920905662E-003
268		2,242065248022857E-002	1,113217746393821E-003
269		1,975029392145617E-002	1,109869691355138E-003
270		3,665205471619087E-002	1,109869691355138E-003
271		4,476618207699975E-002	1,102424817638495E-003
272		3,069753375027618E-002	1,097328750326847E-003
273		7,781851066661001E-002	1,097228919392221E-003
274		3,378553278859387E-002	1,097219073113281E-003
275		3,122270551539495E-002	1,097219073113282E-003
276		2,689763256885378E-002	1,097219073113281E-003
277		2,026157436633619E-002	1,094606283570313E-003
278		1,171808493401429E-001	1,094606283570313E-003
279		1,090267347005691E-002	1,094137812136848E-003
280		9,922128775478250E-003	1,084134650747961E-003
281		1,261865450110883E-002	1,083815367250779E-003
282		1,270907334861883E-001	1,083815367250782E-003
283		9,492863222109651E-002	1,082412337729901E-003
284		1,730866681331480E-002	1,082412337729901E-003
285		1,582643527291117E-002	1,082412337729901E-003
286		9,274398215776213E-003	1,033936260311309E-003
287		7,575413920141800E-003	1,011483089132986E-003
288		1,832406728597940E-002	1,011443799103631E-003
289		1,240875162274514E-002	1,010920662811075E-003
290		2,139168047436348E-002	1,010920662811074E-003
291		8,366006870029604E-003	1,010920662811075E-003
292		8,451014864891308E-003	1,005622795210035E-003
293		5,461111097497576E-003	1,005617925149853E-003
294		4,993768943773082E-002	1,005617925149855E-003
295		9,671149975203039E-003	1,005617925149855E-003
296		5,784226543659077E-003	1,004020765357602E-003
297		1,514513009639089E-002	1,003745738297916E-003
298		7,802699391578539E-003	1,003532524944627E-003
299		1,585142635216961E-002	1,001435097345347E-003
300		1,289967426518420E-002	9,792824206609073E-004
301		7,491550282481847E-003	9,664895276968504E-004
302		8,659739936519093E-003	9,477739596061524E-004
303		1,324756871212560E-002	9,201276763091513E-004
304		1,801464576588273E-002	9,182299916166349E-004
305		3,799634132242802E-003	8,708905793061197E-004
306		5,507181812089269E-003	8,664099004864951E-004
307		1,623410924646694E-002	8,664099004864952E-004
308		9,312790582323526E-003	8,662968086027708E-004
309		4,524474675862122E-003	8,662968086027718E-004
310		1,369382390661533E-002	8,662968086027710E-004
311		2,301414960116229E-002	8,662968086027709E-004
312		3,245705166291310E-002	8,662968086027705E-004
313		8,763266976271569E-003	8,402992362277706E-004
314		4,819881653979569E-003	8,069418496922720E-004
315		3,468161084640713E-003	8,033846022217652E-004
316		5,424383391901712E-003	8,033054211404659E-004
317		9,697215109859844E-003	7,971624361739600E-004
318		8,808529500770275E-003	7,971624361739605E-004
319		1,720695985078809E-002	7,971624361739605E-004
320		9,915131194059131E-003	7,971549946618718E-004
321		4,728069960342154E-003	7,971320245809347E-004
322		9,717966477752601E-003	7,971320245809358E-004
323		1,479075738048816E-002	7,968776511938692E-004
324		1,419369418054427E-002	7,968776511938705E-004
325		1,134873178084537E-001	7,938687534693436E-004
326		1,796459827668230E-002	7,938687534693439E-004
327		1,347263813109611E-002	7,938678419481794E-004
328		2,617160796455966E-002	7,938678419481792E-004
329		2,208437323727786E-002	7,938678419481794E-004
330		5,086084108200963E-002	7,879712771295459E-004
331		9,150011097390844E-002	7,879712771295461E-004
332		3,265398412420088E-002	7,879712771295464E-004
333		1,894070839560078E-002	7,876865479829508E-004
334		7,852821710054842E-003	7,876865479829509E-004
335		1,815065624428020E-002	7,876865479829482E-004
336		1,154677391758409E-002	7,876865479829504E-004
337		2,772105992200830E-002	7,826401462993738E-004
338		2,233909592886526E-002	7,826401462993717E-004
339		1,758715568492368E-002	7,826401462993739E-004
340		6,724121405542792E-003	7,826359035539551E-004
341		1,413774155302552E-002	7,775840448643225E-004
342		3,502085407069494E-003	7,710663700670027E-004
343		5,843825475102574E-003	7,710663700670018E-004
344		1,126391059030860E-002	7,710663700670030E-004
345		2,252991978002765E-002	7,676374812536418E-004
346		6,868877188184868E-003	7,674792784586932E-004
347		1,079951500620745E-002	7,673950980826563E-004
348		1,480712873107510E-002	7,648564191230188E-004
349		2,504719781803761E-002	7,648332217098933E-004
350		6,753488477394805E-003	7,628152109931214E-004
351		1,335160722049541E-002	7,628152109931238E-004
352		1,159043855960944E-002	7,608621252549946E-004
353		2,967926306349738E-003	7,507530945819767E-004
354		3,738043249910302E-003	7,507530945819767E-004
355		2,708969701389631E-003	7,434322448623328E-004
356		4,059926116971703E-003	7,421303746859446E-004
357		6,520322783139322E-003	7,421303746859461E-004
358		8,561523731208632E-003	7,284148625027751E-004
359		5,412977297030274E-003	7,262040888080289E-004
360		9,495427165584405E-003	7,259709209621820E-004
361		5,483910146023063E-003	7,201465954602709E-004
362		1,668894927733377E-002	7,157534521054313E-004
363		1,082833505500174E-002	7,157354858065747E-004
364		6,714458362715647E-003	7,157009536364393E-004
365		3,022942334561423E-003	7,010196843850324E-004
366		1,415342283404472E-002	7,010196843850318E-004
367		4,743387475548655E-003	6,978994415066328E-004
368		5,801456743042869E-003	6,978994415066333E-004
369		5,908734920934148E-003	6,978921712009235E-004
370		4,419528609384184E-003	6,953325185721185E-004
371		1,504559073326658E-002	6,953325185721183E-004
372		2,489448382985203E-003	6,782545647684975E-004
373		6,924194497372314E-003	6,580926088243627E-004
374		2,138784068973455E-003	6,567529601036668E-004
375		2,307958177185953E-003	6,463008914379279E-004
376		4,228648627111533E-003	6,389688874605336E-004
377		6,817952908140652E-003	6,375707781299881E-004
378		2,901310507464702E-002	6,371947228288348E-004
379		1,265733139713751E-002	6,367796071067363E-004
380		1,875249875594423E-002	6,296397988193826E-004
381		1,096015681416776E-002	6,231072178288406E-004
382		1,188967067406878E-002	6,225147323812871E-004
383		5,638918108584784E-003	6,129434365776556E-004
384		7,522228302688517E-003	6,123135497660124E-004
385		6,157439965579155E-003	5,972761333606094E-004
386		1,926463780599140E-002	5,964421138656276E-004
387		5,948103753159511E-003	5,964417590065413E-004
388		1,323227037388350E-002	5,964417590065412E-004
389		1,318005991903699E-002	5,964417590065414E-004
390		1,260939037892949E-002	5,963777138937121E-004
391		3,960094567309567E-003	5,935058382092653E-004
392		2,603674929640963E-003	5,925172135026316E-004
393		5,792251208794901E-003	5,925172135026317E-004
394		3,779507436998760E-003	5,827523382112815E-004
395		3,277290426054957E-003	5,827277815043746E-004
396		3,761573883325958E-003	5,826140235177256E-004
397		2,377332901857617E-003	5,816299717099450E-004
398		1,248313195892374E-003	5,675696988496267E-004
399		7,831451569012191E-003	5,673989079305307E-004
400		2,291600835258377E-002	5,642361279522362E-004
401		2,199462331844916E-003	5,615952441881251E-004
402		2,297591979590127E-003	5,470155300477033E-004
403		1,573857727068496E-003	5,402905254258168E-004
404		2,248557849399264E-003	5,402731214345232E-004
405		2,141409892321189E-003	5,402731214345235E-004
406		1,848479732658088E-003	5,402649357851417E-004
407		2,947100029235435E-003	5,402649357851417E-004
408		2,186416980450805E-003	5,402649357851414E-004
409		1,583883218203962E-003	5,402649357851418E-004
410		2,243113490894363E-003	5,402649357851416E-004
411		1,859924871233585E-003	5,399964911271980E-004
412		2,149814941510051E-003	5,395337804398698E-004
413		2,012351257732113E-003	5,393684686644290E-004
414		2,864273413603171E-003	5,332371946434015E-004
415		1,759626292900327E-003	5,291973269787938E-004
416		1,196831022935975E-003	5,270168214074591E-004
417		9,146646704818357E-004	5,215691223585633E-004
418		2,506094414806658E-003	5,200760094877874E-004
419		7,190594989915562E-003	5,177098494027078E-004
420		2,202363942852717E-003	5,093015193142765E-004
421		1,533669668822309E-003	5,032313360900461E-004
422		6,202752054294021E-003	5,009976046014406E-004
423		8,395592560627359E-004	4,571862665944296E-004
424		1,163049219377758E-003	4,531997450176369E-004
425		5,264863511179360E-004	4,315977629962769E-004
426		1,398849690502939E-003	4,315977629962768E-004
427		1,023599325649735E-003	4,314465812235816E-004
428		2,371540514784296E-003	4,314465812235816E-004
429		8,097030423047568E-004	3,928942182893757E-004
430		2,741793862958296E-003	3,904011201028968E-004
431		1,815710118284637E-003	3,904011201028961E-004
432		2,359127687772917E-003	3,904011201028960E-004
433		3,728785785314418E-003	3,904011201028960E-004
434		3,920313654706207E-003	3,904011201028972E-004
435		3,374434706466657E-003	3,904011201028961E-004
436		7,757976545060603E-003	3,904011201028960E-004
437		2,229567986354883E-002	3,904011201028961E-004
438		2,224133975348562E-003	3,904011201028960E-004
439		2,834600381970529E-003	3,886701454674204E-004
440		2,681266784199473E-003	3,859063058842577E-004
441		2,214675646398346E-003	3,714080629705137E-004
442		1,313341675080356E-002	3,714080629705140E-004
443		1,419774064166643E-002	3,700718243709714E-004
444		3,198652829700109E-003	3,700718243709714E-004
445		6,551573242948741E-003	3,700717470404989E-004
446		1,127636804805676E-002	3,674155093320668E-004
447		3,766230879003297E-003	3,623585966564927E-004
448		3,530965687224772E-003	3,623585734585917E-004
449		1,504751923327904E-002	3,621542703769220E-004
450		7,822171877879475E-003	3,618562634115887E-004
451		3,625446022883382E-003	3,571643462054173E-004
452		4,370703515547261E-003	3,568991034605180E-004
453		7,473145006683567E-003	3,564139676486863E-004
454		5,634649686098273E-003	3,564128453421940E-004
455		2,130472354418790E-003	3,197479447964988E-004
456		5,960460055054725E-003	3,170220883449616E-004
457		6,915626355571076E-003	3,170220883449601E-004
458		6,135740031458415E-003	3,170220883449620E-004
459		3,095825458484530E-003	3,161969311227784E-004
460		2,378175726572269E-003	3,104773618009743E-004
461		3,125087717857145E-003	3,072804015859580E-004
462		4,335449088732255E-003	3,072804015859580E-004
463		1,298190841654274E-003	3,015821135840462E-004
464		1,486615042800801E-003	3,007988324150851E-004
465		1,882792791184698E-003	2,986792451007546E-004
466		1,521957970825769E-003	2,969077784272712E-004
467		1,378837518951147E-003	2,966908999820457E-004
468		4,436661649923069E-003	2,966908999820456E-004
469		1,874141595413512E-003	2,859711866403832E-004
470		3,531100751075172E-003	2,859711866403833E-004
471		1,503909478245398E-003	2,859711866403832E-004
472		1,811972622480999E-003	2,859711866403833E-004
473		2,304111886973780E-003	2,859711866403834E-004
474		4,692061830031975E-003	2,854818779613524E-004
475		2,110796126341288E-003	2,849482189438220E-004
476		2,111645915626874E-003	2,821683987809288E-004
477		4,990456002792860E-003	2,821683987809288E-004
478		4,841428624406533E-003	2,804564124610950E-004
479		1,396437666978935E-003	2,652396650735621E-004
480		4,502413137095570E-003	2,652396650735620E-004
481		4,819828914274476E-003	2,639738412651456E-004
482		3,126126179543271E-003	2,639738412651460E-004
483		1,747797413144464E-003	2,639738412651460E-004
484		1,927537747787331E-003	2,639738412651461E-004
485		7,837204765580467E-004	2,620254612173375E-004
486		6,954807617599506E-004	2,616652569238000E-004
487		6,793091276490115E-004	2,616497698173471E-004
488		7,922858655005575E-004	2,616497698173471E-004
489		1,781707880817419E-003	2,604695865695203E-004
490		1,169723246784597E-003	2,566061159941611E-004
491		8,068003275928784E-004	2,564457873865500E-004
492		1,130580339558314E-003	2,564457873865503E-004
493		3,899149376807790E-003	2,564457873865505E-004
494		9,921575878253490E-004	2,564457873865505E-004
495		1,016021988379337E-003	2,564457873865502E-004
496		3,375896270739020E-003	2,564457873865502E-004
497		9,183512415571328E-004	2,564457873865502E-004
498		9,169635319242633E-004	2,564457873865503E-004
499		1,427316096290864E-003	2,564457873865502E-004
500		3,673475459033834E-003	2,564457873865502E-004
501		4,630081894818730E-003	2,561749539507838E-004
502		2,362124365051742E-003	2,553867553677027E-004
503		1,297170630691537E-003	2,553867553677024E-004
504		2,966097598431135E-003	2,553867553677024E-004
505		3,406452669301523E-003	2,551240751593137E-004
506		2,522690232101875E-002	2,551240751593136E-004
507		5,285228608411792E-003	2,551240751593135E-004
508		1,380924828289765E-002	2,551035787773165E-004
509		3,547593745227037E-003	2,551035787773169E-004
510		2,266079044234331E-002	2,551035787773169E-004
511		6,798169239681444E-003	2,551035787773170E-004
512		6,917695523925662E-003	2,550691122169278E-004
513		2,907284451438915E-003	2,541238221069746E-004
514		2,156100485474046E-003	2,539519915324036E-004
515		3,415030384461964E-003	2,539519915324035E-004
516		5,541610479162000E-003	2,539069642614477E-004
517		4,719388410358195E-003	2,539057794935526E-004
518		5,008849498739635E-003	2,539057794935522E-004
519		2,545724677827090E-003	2,532739940519574E-004
520		1,416643209894600E-003	2,315168577343084E-004
521		1,800669208813927E-003	2,315168577343083E-004
522		5,464877839226662E-003	2,289210646099442E-004
523		1,615533956474467E-003	2,282584687602317E-004
524		1,644936081569694E-003	2,277242454521530E-004
525		1,767071165793526E-003	2,277242454521528E-004
526		1,135513093956744E-003	2,266059603189662E-004
527		5,806738515184622E-004	2,069929961061978E-004
528		6,238882640551473E-004	2,069929961061980E-004
529		1,121760542704726E-003	2,069929961061980E-004
530		1,118305242269680E-003	2,069929961061980E-004
531		1,042264883257938E-003	2,014566209920511E-004
532		1,728673757756739E-003	2,013420473003237E-004
533		2,211596150782684E-003	1,993512524662790E-004
534		1,639250042037635E-003	1,993512524662790E-004
535		1,515255477785814E-003	1,993512524662791E-004
536		6,081964585309626E-003	1,974640096066384E-004
537		3,897017413902211E-003	1,974640096066388E-004
538		1,570564463462592E-003	1,974640096066386E-004
539		3,793058321894802E-003	1,973716310772560E-004
540		1,947977498037235E-003	1,960752466422558E-004
541		1,721444879120034E-003	1,952276033809103E-004
542		1,399665283656591E-003	1,951621191006636E-004
543		1,356806037840140E-003	1,950772234709181E-004
544		1,130459438787628E-003	1,950435493836148E-004
545		9,157621421115730E-004	1,944211790018603E-004
546		2,130086954682748E-003	1,916226428156493E-004
547		1,146650845462612E-003	1,911058554688624E-004
548		5,133279767014805E-004	1,772887680612483E-004
549		4,794257890334398E-004	1,772618842513858E-004
550		2,362808264737139E-003	1,767799061093388E-004
551		1,420186171518202E-003	1,767799061093390E-004
552		2,216800153996606E-003	1,757765805667778E-004
553		7,143223779254980E-004	1,753442204178278E-004
554		7,565471543434082E-004	1,697200714907317E-004
555		6,594521324596999E-004	1,696556266285513E-004
556		5,938903863099631E-004	1,614754698479705E-004
557		1,327668314588962E-003	1,580945635774177E-004
558		1,647150860563075E-003	1,580945635774177E-004
559		1,494398820428947E-003	1,578685152265233E-004
560		4,054133235352251E-003	1,535718803409472E-004
561		4,816437093399924E-003	1,526744079882039E-004
562		6,146889800675984E-003	1,526744079882038E-004
563		2,078963832476929E-003	1,526744079882040E-004
564		3,873117539170951E-003	1,526744079882039E-004
565		1,346407138526526E-003	1,526744079882040E-004
566		1,073163161482329E-003	1,483740196275699E-004
567		4,251511525271896E-004	1,433279296661930E-004
568		3,669920324575469E-004	1,368807190964564E-004
569		1,483721162367148E-003	1,368807190964564E-004
570		1,560688192145188E-003	1,368807190964562E-004
571		4,899354296360448E-004	1,354208168339631E-004
572		2,141196138874184E-003	1,347783744904857E-004
573		3,482082706253750E-003	1,347762249326118E-004
574		2,508428475704485E-004	1,260170111001003E-004
575		2,545765264084429E-004	1,240700815510028E-004
576		9,963947490021208E-004	1,239863989850780E-004
577		6,931828429050476E-004	1,186570880025095E-004
578		4,258419039008034E-004	1,178819102685597E-004
579		5,685293488675648E-004	1,162081035971697E-004
580		5,659501156518144E-004	1,162081035971696E-004
581		1,121379769547780E-003	1,162081035971696E-004
582		6,117126068387849E-004	1,146298149390521E-004
583		1,915913546702571E-003	1,146298149390520E-004
584		2,256590933116615E-004	1,056087175099418E-004
585		2,256708719845530E-004	1,056087175099418E-004
586		1,373418803644077E-004	8,790503918254393E-005
587		1,573231366815263E-004	8,775962641848232E-005
588		2,086456607972244E-004	8,775962641848231E-005
589		1,778986292399591E-004	8,775962641848232E-005
590		3,712372543703492E-004	8,775962641848231E-005
591		4,296430063659071E-004	8,775962641848236E-005
592		5,624876344181521E-004	8,656299205714684E-005
593		2,470058555968139E-004	8,395540004269322E-005
594		3,572437885333442E-004	8,204304179120610E-005
595		3,378479372742172E-004	8,204304179120616E-005
596		2,292368515430316E-004	8,008809997800139E-005
597		2,213336757587793E-004	7,798178698235259E-005
598		1,599820214792779E-004	7,723681406938969E-005
599		1,982371360187222E-004	7,661314415950819E-005
600		2,968159380504746E-004	7,561831275426954E-005
601		2,020310699152393E-004	7,555627116505239E-005
602		2,653681933153391E-004	7,555627116505252E-005
603		4,043341719698034E-004	7,555627116505252E-005
604		1,514105382030662E-004	7,107163681799638E-005
605		2,596598759530777E-004	7,107163681799638E-005
606		1,024941810140172E-004	6,439511467520431E-005
607		6,995782443733140E-005	5,720398651409561E-005
608		9,523573433059634E-005	5,188297718707112E-005
609		1,969827054790855E-004	4,970402493897748E-005
610		1,867624539173210E-004	4,894872890916368E-005
611		2,450893912430932E-004	4,894872890916367E-005
612		5,867022862327371E-004	4,894872890916362E-005
613		3,340309263072733E-004	4,894872890916365E-005
614		3,158006065747520E-004	4,894872890916367E-005
615		3,100831890661546E-004	4,890569307167161E-005
616		1,137085246747319E-003	4,890569307167159E-005
617		5,864062862639615E-004	4,863053693300176E-005
618		2,993991077592230E-004	4,797585429310129E-005
619		2,196577255147487E-004	4,794079418349305E-005
620		2,541864287934472E-004	4,768021806966994E-005
621		5,038820984882133E-004	4,768021806966994E-005
622		4,117494034743371E-004	4,748734380145163E-005
623		9,917334318622665E-004	4,748734380145168E-005
624		6,512066232748691E-004	4,732043256607037E-005
625		3,371927965486691E-004	4,698604597194350E-005
626		6,387552380479771E-004	4,607262518895517E-005
627		8,796525634639881E-004	4,597127231926556E-005
628		8,679578302131324E-004	4,596413564786585E-005
629		1,184016223903696E-003	4,582363651686085E-005
630		3,485143789322431E-004	4,582363651686084E-005
631		6,055343119979894E-004	4,566122080370622E-005
632		1,252664331099626E-002	4,566122080370615E-005
633		7,739083167267036E-004	4,566122080370621E-005
634		8,403229845974314E-004	4,566122080370614E-005
635		5,491863512095299E-004	4,565683372640777E-005
636		4,495319664632038E-004	4,548373406644462E-005
637		3,689980130553193E-004	4,514471776798897E-005
638		6,719261821035659E-004	4,514471776798896E-005
639		8,363615380242526E-004	4,511283807859630E-005
640		7,319682113685959E-004	4,504979795912804E-005
641		9,429144754379033E-004	4,489175950117001E-005
642		1,342030582641317E-003	4,484647745296452E-005
643		9,917592022592753E-004	4,481640585943784E-005
644		7,915574042483305E-004	4,426466628597569E-005
645		7,404826387575087E-004	4,420009457802873E-005
646		2,650516292402436E-003	4,420009457802859E-005
647		8,536134520672142E-004	4,400295884373778E-005
648		1,505528503499927E-003	4,381799144628654E-005
649		1,121815719335945E-002	4,381799144628656E-005
650		1,382280479972625E-003	4,381799144628656E-005
651		6,541395091349860E-004	4,373052219494702E-005
652		1,022071672023741E-003	4,367651592557243E-005
653		1,034074591823162E-003	4,325510168038132E-005
654		7,668957978717840E-004	4,324838920585755E-005
655		1,135457522153625E-003	4,324838920585734E-005
656		1,163054060170485E-003	4,324838920585741E-005
657		7,994173406205348E-004	4,324838804107306E-005
658		7,111199191540687E-004	4,324777095888147E-005
659		7,271658744468585E-003	4,324777095888148E-005
660		2,233946121851334E-003	4,323947249575755E-005
661		1,062620072289096E-003	4,323947249575754E-005
662		2,256009519520349E-003	4,321873874529671E-005
663		5,466940392805215E-003	4,321873874529673E-005
664		8,085118298233470E-004	4,321103305426739E-005
665		1,503842008893627E-003	4,318385346509308E-005
666		7,622650557429130E-004	4,318385231487767E-005
667		3,919137209765972E-004	4,314682954991794E-005
668		4,604027337157630E-004	4,314585979521293E-005
669		1,091277850210671E-003	4,314585979521293E-005
670		8,910679346828567E-004	4,314585979521295E-005
671		7,795144209390675E-004	4,291343609024902E-005
672		1,188139964793079E-003	4,291343609024906E-005
673		6,550437956451637E-004	4,250928972390866E-005
674		1,632778978343983E-003	4,249086970450282E-005
675		4,627616032819427E-003	4,249086970450287E-005
676		6,929370901303899E-004	4,242372934837651E-005
677		4,992082457131878E-004	4,242372934837652E-005
678		3,702545394245805E-004	4,239829911683168E-005
679		3,345518883802383E-004	4,226400320816228E-005
680		9,861654876898744E-004	4,226400320816220E-005
681		7,481373736942320E-004	4,226400320816222E-005
682		2,581648329365352E-004	4,226400320816227E-005
683		5,047651180683817E-004	4,226400320816219E-005
684		6,394316848881781E-004	4,226400320816220E-005
685		9,174233383006045E-004	4,225933023533340E-005
686		1,506328250669149E-003	4,225933023533341E-005
687		2,237997257376397E-003	4,225933023533341E-005
688		8,889401479328726E-004	4,208520831503239E-005
689		6,312804203740071E-004	4,145107056012245E-005
690		3,340670711088409E-004	4,117061559360397E-005
691		4,333898057759893E-004	4,117061559360401E-005
692		4,158807593342572E-004	4,117061559360401E-005
693		8,115438905688265E-004	4,117061559360401E-005
694		4,319050620096358E-004	4,089072954519759E-005
695		3,394324588079141E-004	4,045066166880337E-005
696		4,092801208300516E-004	3,945908716474771E-005
697		1,961853569682364E-004	3,943688371512557E-005
698		3,729972981105685E-004	3,943688371512556E-005
699		3,303760500625799E-004	3,887524286893592E-005
700		2,124355790365484E-004	3,887523434761990E-005
701		1,941016696050234E-004	3,877395800287271E-005
702		1,867016560408838E-004	3,875129159987231E-005
703		3,398794754049732E-004	3,872284107098148E-005
704		1,697017878411408E-004	3,872284107098146E-005
705		1,548122765343851E-004	3,872284107098146E-005
706		2,292640615816025E-004	3,872284107098146E-005
707		3,315058588253592E-004	3,872284107098146E-005
708		4,142841647799488E-004	3,872284107098150E-005
709		5,397071029461553E-004	3,872284107098145E-005
710		3,802966312927594E-004	3,872284107098146E-005
711		7,277465117592823E-004	3,872284107098146E-005
712		7,581462266730723E-004	3,872284107098147E-005
713		9,463089940080936E-004	3,872284107098146E-005
714		1,902545731567416E-003	3,871228171239702E-005
715		3,241941169641822E-003	3,869194042826040E-005
716		2,961512614727406E-003	3,867429327811581E-005
717		1,445893215469078E-003	3,866816258512341E-005
718		1,613629894580355E-003	3,860201012963744E-005
719		3,143671471540630E-003	3,856709762076684E-005
720		3,659133818221176E-003	3,855475952700073E-005
721		1,202088652334787E-003	3,855475952700073E-005
722		1,121651636164908E-003	3,855475952700073E-005
723		1,278715884986523E-003	3,855475952700073E-005
724		6,935362554593267E-004	3,855475952700072E-005
725		1,133918770400951E-003	3,855475952700073E-005
726		2,648526047989901E-003	3,855475952700073E-005
727		9,492323481292800E-004	3,855475952700064E-005
728		5,269077599973734E-004	3,855475952700075E-005
729		6,225584912580343E-004	3,855475952700073E-005
730		6,323267428824065E-004	3,855475952700073E-005
731		8,292764018968488E-004	3,855475952700074E-005
732		2,811955886628037E-003	3,855475952700070E-005
733		1,302714660136242E-003	3,855475952700073E-005
734		2,164285426575731E-003	3,855475952700073E-005
735		1,811526202603027E-003	3,855268323322520E-005
736		2,197635139336567E-003	3,855268323322524E-005
737		5,851631965112716E-004	3,855268323322520E-005
738		5,284409162766110E-004	3,855268323322521E-005
739		4,757391915931446E-004	3,854586989713891E-005
740		6,561509636103033E-004	3,854286265914983E-005
741		6,350014004299948E-004	3,854169793426164E-005
742		7,832995341323861E-004	3,854169793426162E-005
743		6,322892881586218E-004	3,854169793426163E-005
744		1,803650262972040E-003	3,854169793426158E-005
745		1,151536206724921E-003	3,854169793426161E-005
746		7,179899774797005E-004	3,854169793426161E-005
747		6,537609527468819E-004	3,854169793426160E-005
748		5,638995422955000E-004	3,854169793426162E-005
749		3,885983660216950E-004	3,854169793426162E-005
750		7,139488982225231E-004	3,854169793426162E-005
751		2,118469387548617E-003	3,854169793426162E-005
752		1,193453188004863E-003	3,854169793426162E-005
753		7,504349918296412E-004	3,854169793426162E-005
754		8,401889398512870E-004	3,854169793426160E-005
755		9,297183743742291E-004	3,854169793426160E-005
756		1,426468009341565E-003	3,854169793426162E-005
757		3,741436066929594E-002	3,853564753737545E-005
758		2,842549211125389E-003	3,853564753737544E-005
759		2,528577734933107E-003	3,853564753737544E-005
760		4,848522847552297E-003	3,852140840826107E-005
761		2,000313320307869E-003	3,852138200773779E-005
762		5,985076231702072E-004	3,852127241446785E-005
763		1,767028179274527E-003	3,852127241446779E-005
764		8,135315718950765E-004	3,852057129921372E-005
765		7,457534875740348E-004	3,852056858882728E-005
766		1,172667879741502E-003	3,850653681165689E-005
767		4,799381669086624E-003	3,850109540830293E-005
768		2,483896945667666E-003	3,848434474402585E-005
769		1,164639898824312E-003	3,848434474402586E-005
770		7,325028499287622E-004	3,848434474402594E-005
771		1,057545089395293E-003	3,848434474402586E-005
772		7,709178857736555E-004	3,848375037011960E-005
773		6,229273294701681E-004	3,847948795232560E-005
774		6,712084472653413E-004	3,847867147578652E-005
775		9,788423070107276E-004	3,847371006523854E-005
776		1,016348774984738E-003	3,846953712096858E-005
777		1,352614256960733E-003	3,846707020969527E-005
778		1,813902707825953E-003	3,845534343898636E-005
779		1,346226664310903E-003	3,843313024261232E-005
780		9,631494661035971E-004	3,843313024261232E-005
781		9,468691224984290E-004	3,843313024261233E-005
782		9,927868500858100E-004	3,843313024261231E-005
783		3,551157633319962E-003	3,843313024261232E-005
784		3,935692471292318E-003	3,841749825164324E-005
785		2,655413161499156E-003	3,841747568463868E-005
786		2,784062541909737E-003	3,841747568463870E-005
787		6,755719956112870E-004	3,839306043323602E-005
788		5,018137652579454E-004	3,833755915064564E-005
789		9,333501031939565E-004	3,833683167747638E-005
790		1,402074617806230E-003	3,833683167747639E-005
791		1,220070125111431E-003	3,833683167747641E-005
792		2,158738738400720E-003	3,833683167747639E-005
793		6,869725735730192E-004	3,833683167747645E-005
794		2,860839945775063E-004	3,825410413517896E-005
795		2,171193834076280E-003	3,824839496523206E-005
796		1,788175951513914E-004	3,801480842066704E-005
797		2,286146292276418E-004	3,788114103617675E-005
798		3,679614611135234E-004	3,788114103617673E-005
799		4,227198804929024E-004	3,782238946452026E-005
800		4,698099712629795E-004	3,775814257337367E-005
801		2,070121042196373E-004	3,761210743570737E-005
802		2,129179731974883E-004	3,759854720386259E-005
803		3,775000794706576E-004	3,759854720386259E-005
804		1,018300940331179E-003	3,759854720386253E-005
805		5,786044709510060E-004	3,759854720386258E-005
806		2,194873690043764E-003	3,759854720386259E-005
807		1,392751325894402E-003	3,759854720386259E-005
808		1,013040463864364E-003	3,730113598687780E-005
809		5,636463439104394E-004	3,719176085779986E-005
810		1,057196255392696E-003	3,706054131659064E-005
811		5,535525752862838E-004	3,697655055714973E-005
812		6,820507249551692E-004	3,697124753622865E-005
813		8,216973867740142E-004	3,696039826326449E-005
814		9,094526193830259E-004	3,687236881346943E-005
815		5,023863872169753E-004	3,669775216497771E-005
816		1,893722875655056E-003	3,662991934992634E-005
817		7,271441125646694E-003	3,655240129227090E-005
818		1,052386043217776E-003	3,639533815542413E-005
819		4,978001954074092E-004	3,527269851366460E-005
820		4,855383863273724E-004	3,521471658809438E-005
821		1,316660627174634E-003	3,521471658809436E-005
822		1,608379565122955E-003	3,521471658809438E-005
823		1,542746927360827E-003	3,521471658809434E-005
824		1,041098585367399E-003	3,521471658809438E-005
825		2,113469132668336E-003	3,510664007881423E-005
826		2,090903736432310E-003	3,510664007881424E-005
827		1,031793136279411E-003	3,510664007881424E-005
828		1,186198937192026E-003	3,510664007881423E-005
829		5,932627076383993E-004	3,500414733279051E-005
830		1,233383981262373E-003	3,500414733279050E-005
831		7,782483034723815E-004	3,500414733279055E-005
832		8,162382591639944E-004	3,500347395853968E-005
833		6,917761663636494E-004	3,499878422022755E-005
834		9,343068280641179E-004	3,499878422022755E-005
835		2,574320338970891E-004	3,499878422022758E-005
836		8,391561713754588E-004	3,494198944131884E-005
837		6,416727600508403E-004	3,494198944131883E-005
838		2,585180724993174E-004	3,493862835818793E-005
839		6,993020250688521E-004	3,484867109939000E-005
840		1,688237812924494E-003	3,484867109939002E-005
841		1,540271301537493E-003	3,480145541905889E-005
842		1,170518101181633E-003	3,480145455525462E-005
843		1,552209669826868E-003	3,480145455525458E-005
844		1,609632685348483E-003	3,480145455525455E-005
845		8,708213386953843E-004	3,475198849744891E-005
846		6,778292592947400E-004	3,475198849744887E-005
847		8,598431888728821E-004	3,474536878677212E-005
848		8,253030274115709E-004	3,474447578005396E-005
849		2,859538959518227E-004	3,454813478334699E-005
850		2,846178561453350E-004	3,454272563355691E-005
851		6,391213760472549E-004	3,454272563355695E-005
852		5,257744310871923E-004	3,454272563355689E-005
853		1,312791391689392E-003	3,447573010313070E-005
854		1,258022357656637E-003	3,447573010313070E-005
855		3,038176525958022E-003	3,447573010313070E-005
856		2,696137143435819E-003	3,447573010313072E-005
857		2,807501518069094E-003	3,447573010313066E-005
858		3,068098489730422E-003	3,447573010313064E-005
859		2,664075135787823E-003	3,447573010313070E-005
860		3,339502741916302E-003	3,447226857976038E-005
861		8,006424150055007E-004	3,438031737473898E-005
862		4,049665771495891E-004	3,416301132659321E-005
863		5,784086059119924E-004	3,416301132659321E-005
864		1,245813335448925E-003	3,416214837881523E-005
865		2,169001241380111E-003	3,416214837881521E-005
866		1,257491968555343E-003	3,416214837881528E-005
867		1,431321640079149E-003	3,416214837881525E-005
868		3,358476324779412E-004	3,347428250398548E-005
869		1,893221490970561E-004	3,320669428727095E-005
870		4,407264319427348E-004	3,320669428727098E-005
871		2,180618185748998E-004	3,318970609277274E-005
872		3,617086252177061E-004	3,318970609277274E-005
873		7,241607325328563E-004	3,318970609277274E-005
874		3,626929344337767E-004	3,315510348278369E-005
875		4,704935114158100E-004	3,315313992010680E-005
876		2,011344730660147E-004	3,294005660472167E-005
877		1,501609536550772E-004	3,253402297977474E-005
878		1,261740639964054E-004	3,239724018287352E-005
879		1,071721831168729E-004	3,220168150943122E-005
880		3,394954554650524E-004	3,197948347136759E-005
881		6,734212841750517E-005	3,129262392999874E-005
882		1,136725259859435E-004	3,129262392999869E-005
883		9,348907228548675E-005	3,103836703743091E-005
884		6,590070284668891E-005	3,087550457717372E-005
885		9,707333322631057E-005	3,087550457717374E-005
886		1,081758178968437E-004	3,087550457717374E-005
887		2,378013258768431E-004	3,087550457717374E-005
888		1,360837595176548E-004	3,086118236194084E-005
889		1,124074957086403E-004	3,084765468533981E-005
890		7,398108184363103E-005	3,082016685919255E-005
891		1,064743401725142E-004	3,082016685919255E-005
892		2,107743314607929E-004	3,082016653263013E-005
893		1,171203458886593E-004	3,015240853339911E-005
894		7,808954022062769E-005	2,966822970257296E-005
895		5,484653130729720E-005	2,887718089254481E-005
896		4,004273552233043E-005	2,872573894395618E-005
897		5,002244564213379E-005	2,872573894395619E-005
898		5,538066315637999E-005	2,872573894395618E-005
899		7,120085558912628E-005	2,872573894395618E-005
900		1,010603589217424E-004	2,872380514142155E-005
901		1,041344978962307E-004	2,872380514142152E-005
902		1,589100952300398E-004	2,870116795833465E-005
903		3,603520605592682E-004	2,870116795833463E-005
904		3,764635823866617E-004	2,861211589013404E-005
905		1,230712040643816E-004	2,828710255389574E-005
906		7,158093019639261E-005	2,811007259473862E-005
907		8,438791432367991E-005	2,810916575260683E-005
908		1,055474998570804E-004	2,809469818891239E-005
909		6,704492983212161E-005	2,804730333174918E-005
910		4,626386916203780E-004	2,804730333174918E-005
911		4,867674116525809E-004	2,791144329899000E-005
912		5,027372160731296E-003	2,791144329898996E-005
913		1,053849760890949E-003	2,790998313587934E-005
914		3,262237663057543E-004	2,776550859047636E-005
915		2,608462754976013E-004	2,767159934835510E-005
916		4,653631015497170E-004	2,765423253487998E-005
917		2,414651351628279E-004	2,765423253487997E-005
918		2,068693086556280E-004	2,763531268598217E-005
919		1,686620905123987E-004	2,743501645407889E-005
920		1,897110115274896E-004	2,743374038914848E-005
921		7,385883090642733E-004	2,732899221342173E-005
922		3,235650735454646E-004	2,732899221342173E-005
923		1,774193647807855E-003	2,732899221342170E-005
924		2,823837559256702E-004	2,721318606325296E-005
925		1,574521980573087E-004	2,711442794687579E-005
926		2,341302013219556E-004	2,694404177629690E-005
927		1,743089620349517E-003	2,693728949283564E-005
928		2,792589997319501E-004	2,693728949283565E-005
929		1,958317858377795E-004	2,693728949283565E-005
930		4,428081156768859E-004	2,691665978212065E-005
931		8,258048160558164E-004	2,689466224903599E-005
932		1,087693731144715E-003	2,689048762672052E-005
933		3,630540198722055E-004	2,688689398670732E-005
934		1,352966138078663E-003	2,688689398670730E-005
935		2,845626686779699E-003	2,688467335947136E-005
936		9,504506987467084E-004	2,680690441099946E-005
937		1,206277875440336E-003	2,675798291579506E-005
938		7,918780165277890E-004	2,675366818199163E-005
939		1,343879666165365E-003	2,674584948025579E-005
940		7,670791899335520E-004	2,674584948025576E-005
941		4,529189140370659E-004	2,674584948025577E-005
942		9,752020756629615E-004	2,674584948025576E-005
943		1,324905764869674E-003	2,674584948025576E-005
944		5,938863623257813E-004	2,674584948025579E-005
945		6,165272841391924E-004	2,667282302192113E-005
946		6,543045444227522E-004	2,667031255014034E-005
947		1,265216151420620E-003	2,667031255014031E-005
948		1,014962627699654E-003	2,667031255014034E-005
949		2,972312338871531E-003	2,667031255014033E-005
950		3,504245676765977E-003	2,667031255014034E-005
951		2,500330049792002E-003	2,666603164053302E-005
952		9,850071998215042E-004	2,663041416645004E-005
953		1,622547175440034E-003	2,663041084339682E-005
954		8,070133789102896E-004	2,651087869560596E-005
955		9,287611012936685E-004	2,639012869579012E-005
956		1,429359863134766E-003	2,639012869579013E-005
957		8,366842018228916E-004	2,639012869579013E-005
958		3,508234151855972E-003	2,637955782765505E-005
959		4,096439577560998E-003	2,637937832602198E-005
960		6,329001207990467E-004	2,634915654858596E-005
961		3,748994166092264E-004	2,629193728136065E-005
962		2,686419758277194E-004	2,628582395727883E-005
963		6,961149741423565E-004	2,628442633610543E-005
964		5,837557007471985E-004	2,626902902096080E-005
965		7,763881152665438E-004	2,626228622229401E-005
966		9,032716033198494E-004	2,626173113126689E-005
967		8,237815344471731E-004	2,626073530187244E-005
968		2,047952918113685E-003	2,624929113970899E-005
969		2,840555616462008E-003	2,624929113970895E-005
970		1,618478465751666E-003	2,624929113970886E-005
971		3,999176186039104E-003	2,624929113970888E-005
972		1,962969633388893E-003	2,621858036415759E-005
973		7,626576318219092E-004	2,621858036415758E-005
974		1,692223799695509E-003	2,621342549644513E-005
975		1,037524737924073E-003	2,621132424113158E-005
976		3,822130743799345E-003	2,621132424113158E-005
977		3,632337788272397E-004	2,605948297234969E-005
978		4,582486687289907E-004	2,584408858246268E-005
979		3,268010240889169E-004	2,583350479207880E-005
980		4,677070038060794E-004	2,583350479207880E-005
981		4,906160529076266E-004	2,583350479207878E-005
982		1,697095179495398E-003	2,583350479207877E-005
983		4,959120159767686E-004	2,583350479207879E-005
984		8,945107418295773E-004	2,583144572176559E-005
985		6,136641828621295E-004	2,583144572176559E-005
986		2,077310479333410E-003	2,581331897466476E-005
987		7,895360938920325E-004	2,581179014162688E-005
988		1,142957509556538E-003	2,580509756659299E-005
989		1,752453833929563E-003	2,579592334850487E-005
990		2,393441516972863E-003	2,579592334850494E-005
991		7,186147015807502E-004	2,579258983722577E-005
992		3,878013683821059E-003	2,578065578983372E-005
993		6,161261517174406E-003	2,576613264207426E-005
994		1,783014441751635E-003	2,574699521120686E-005
995		3,742972325729556E-004	2,570368911788613E-005
996		4,924134412896490E-004	2,565606248265668E-005
997		5,982629942798991E-004	2,565429904925452E-005
998		1,008565227031378E-003	2,564371177589273E-005
999		7,552109663306215E-004	2,564371177589272E-005
1000		1,049324418405313E-003	2,564371177589272E-005
1001		1,219311192248843E-003	2,558100026577058E-005
1002		7,467433140025459E-004	2,551307299845671E-005
1003		5,669429193198304E-004	2,551103661102234E-005
1004		1,053636997564664E-003	2,548841126263937E-005
1005		2,138354186799299E-004	2,548079334303905E-005
1006		7,161075630735208E-004	2,546689498170845E-005
1007		1,141297032821707E-003	2,546689498170845E-005
1008		4,809250044475976E-004	2,546689498170844E-005
1009		6,970691941759096E-004	2,544411851034201E-005
1010		4,664422542285514E-004	2,543152369955279E-005
1011		7,471018491453577E-004	2,542591532933833E-005
1012		2,795391490288559E-004	2,542591532933837E-005
1013		1,962892980394190E-004	2,542591532933834E-005
1014		4,437736991548602E-004	2,542591532933835E-005
1015		2,843080513869003E-004	2,540440260737693E-005
1016		2,126519931463451E-004	2,536905400690623E-005
1017		2,749097563455934E-004	2,532973087978185E-005
1018		2,581729374785051E-004	2,499929976560668E-005
1019		1,946666424116961E-004	2,487062818797145E-005
1020		2,076040759003410E-004	2,429318428400917E-005
1021		2,799182757562342E-004	2,429318428400916E-005
1022		5,479784486125245E-004	2,429318428400916E-005
1023		4,798176672049537E-004	2,375003292067277E-005
1024		3,616734062776972E-004	2,370103036426101E-005
1025		6,832000115753209E-004	2,370101664371446E-005
1026		6,761346958261310E-004	2,370079150280686E-005
1027		7,378301952041394E-004	2,369981986622237E-005
1028		5,702702037897006E-004	2,364834869783547E-005
1029		2,133440440196131E-004	2,362956316906731E-005
1030		1,923790067580540E-004	2,362869441642515E-005
1031		4,812400315372317E-004	2,362869441642509E-005
1032		7,538168121043840E-004	2,358002206755363E-005
1033		1,128404918752149E-003	2,357623406825004E-005
1034		1,101167281407125E-003	2,357623406825001E-005
1035		4,262540680095140E-004	2,355550344603920E-005
1036		1,001157690062777E-003	2,355429851690451E-005
1037		3,049712943802755E-003	2,355429851690448E-005
1038		6,799740721065108E-004	2,355429851690450E-005
1039		7,991236338253004E-004	2,355429851690449E-005
1040		1,024980707409747E-003	2,354650205173322E-005
1041		6,098987577908333E-004	2,340789232242813E-005
1042		1,294944302490094E-003	2,340789232242813E-005
1043		4,809748475522835E-004	2,340789232242813E-005
1044		6,210761068932734E-004	2,340789232242813E-005
1045		1,364176509032254E-003	2,340789232242812E-005
1046		9,381460697069847E-004	2,340789232242813E-005
1047		4,496992149854307E-004	2,340789232242812E-005
1048		4,352390562926085E-004	2,340789232242811E-005
1049		4,162574823712886E-004	2,340789232242813E-005
1050		6,125826111023464E-004	2,340789232242812E-005
1051		4,840767850147372E-004	2,340789232242812E-005
1052		4,978151842179991E-004	2,340789232242813E-005
1053		8,588094352698204E-004	2,339587788148535E-005
1054		4,598112601032747E-004	2,336251696369578E-005
1055		2,693081181520376E-004	2,336217783956233E-005
1056		1,866605942017459E-004	2,331200629438841E-005
1057		1,402481173451063E-004	2,330750984815891E-005
1058		2,204598484876149E-004	2,330750984815891E-005
1059		2,358638792005813E-004	2,330750984815891E-005
1060		2,372603947987599E-003	2,330750984815891E-005
1061		4,827210929433803E-004	2,330750984815888E-005
1062		5,785209115437150E-004	2,330750984815890E-005
1063		6,756712273375376E-004	2,328662951053166E-005
1064		8,878178046773434E-004	2,328650885766813E-005
1065		5,120176952107190E-004	2,328584264365645E-005
1066		7,182398280875809E-004	2,328471369616585E-005
1067		1,115556096156723E-003	2,327036182408667E-005
1068		3,256444602813356E-003	2,327021200107609E-005
1069		9,142434877376583E-004	2,326979389885627E-005
1070		9,438729444147612E-004	2,325341158982625E-005
1071		1,605870160915996E-003	2,325224884727112E-005
1072		7,649245911526356E-004	2,323298605571604E-005
1073		2,215222545550487E-003	2,321879494141896E-005
1074		1,148623640684345E-003	2,320090210633033E-005
1075		3,878627672295042E-004	2,315001556219817E-005
1076		7,511364911168920E-004	2,315001556219817E-005
1077		4,781740912264444E-004	2,313343399068891E-005
1078		5,610806662780286E-004	2,308241829447903E-005
1079		6,948020851391250E-004	2,308241829447905E-005
1080		1,131739280216785E-003	2,308241829447904E-005
1081		1,249129524789810E-003	2,308241829447904E-005
1082		9,230816010171189E-004	2,307678255966856E-005
1083		7,538262943582185E-004	2,302020964650033E-005
1084		6,587679128666218E-004	2,301984224607841E-005
1085		2,901688128037908E-004	2,286293217106525E-005
1086		2,465123952526969E-004	2,276578429451950E-005
1087		2,868179926379399E-004	2,276578429451955E-005
1088		4,014705128431964E-004	2,276082021287179E-005
1089		3,435550065289911E-004	2,276082021287175E-005
1090		3,326642564286587E-004	2,276082021287172E-005
1091		1,940672177657633E-004	2,274860929237619E-005
1092		6,121278108265538E-004	2,261479753732498E-005
1093		1,250692392653088E-004	2,250771434108353E-005
1094		3,227591875838689E-004	2,250755808002989E-005
1095		5,174253238157374E-004	2,248492490685314E-005
1096		5,554345341243001E-004	2,248492490685316E-005
1097		4,128787376720710E-004	2,248026857990517E-005
1098		1,644506660971134E-004	2,231726503015694E-005
1099		2,650924183399674E-004	2,225131007342497E-005
1100		7,634929253436244E-005	2,206766785464390E-005
1101		6,230394781580955E-005	2,203114265641251E-005
1102		2,717254992086068E-004	2,191124736955921E-005
1103		3,140069662040871E-004	2,184703607770774E-005
1104		3,475428711451432E-004	2,184703607770773E-005
1105		1,849708032050105E-004	2,184703607770774E-005
1106		1,259627624821685E-004	2,184703607770774E-005
1107		8,150308334467813E-004	2,184669392628610E-005
1108		9,378338995785139E-005	2,179417885554299E-005
1109		3,851916707876260E-004	2,179417885554297E-005
1110		4,710082379849222E-004	2,179417885554299E-005
1111		8,576458314964241E-004	2,179417885554294E-005
1112		6,619156310912074E-004	2,179417885554295E-005
1113		3,350694019324992E-004	2,179417885554299E-005
1114		5,156587705257840E-004	2,179417780582207E-005
1115		3,891172141897902E-004	2,168212962618911E-005
1116		1,490388405551179E-004	2,133585419919449E-005
1117		1,837426992792182E-004	2,105393605133745E-005
1118		3,117461128587276E-004	2,105102027886817E-005
1119		2,986027868925130E-004	2,105102027886817E-005
1120		3,344627633485421E-004	2,104290020505692E-005
1121		2,712157789403986E-004	2,101343099263047E-005
1122		2,448580393583252E-004	2,101343099263046E-005
1123		2,673592398505910E-004	2,101343099263046E-005
1124		4,304106385083217E-004	2,101343099263046E-005
1125		3,763445483113876E-004	2,101343099263046E-005
1126		7,812150515535438E-004	2,101343099263046E-005
1127		8,142290714954920E-004	2,101343099263047E-005
1128		5,039453701603224E-004	2,098186264306605E-005
1129		1,883734593122756E-004	2,079427389435513E-005
1130		3,822974847338183E-004	2,079427389435514E-005
1131		6,003294613508971E-004	2,079427389435511E-005
1132		7,473439966830805E-004	2,079427389435512E-005
1133		7,120892292282601E-004	2,069663294564508E-005
1134		2,004636827900216E-004	2,049186449175843E-005
1135		1,988858357078969E-004	2,014835639612841E-005
1136		5,760466307526171E-004	2,014834056783223E-005
1137		3,394884791757449E-004	2,008857719381529E-005
1138		3,806960574869868E-004	1,992848868574123E-005
1139		7,546506119631254E-004	1,992848868574122E-005
1140		3,119206167647834E-004	1,980466542985471E-005
1141		8,515922397217405E-004	1,980466542985468E-005
1142		7,661559552509653E-004	1,980466542985470E-005
1143		3,628042396536785E-004	1,977823931178454E-005
1144		3,329912828961284E-004	1,970159853566858E-005
1145		4,017224597194062E-004	1,968465528178542E-005
1146		2,428043427765395E-004	1,964203545566505E-005
1147		1,057673674242110E-004	1,957732360464124E-005
1148		1,519274041841671E-004	1,954283756816817E-005
1149		1,097646576468708E-004	1,953245871211194E-005
1150		9,801211521864933E-005	1,952743234599954E-005
1151		8,090717366074292E-004	1,952743234599954E-005
1152		2,912450002559915E-003	1,952743234599953E-005
1153		4,741602776702717E-004	1,948814003152578E-005
1154		2,880000556407579E-004	1,926347746062931E-005
1155		2,124230883755361E-004	1,917777462400167E-005
1156		1,445285255645727E-004	1,917095935500446E-005
1157		2,753737068883277E-004	1,914756834938042E-005
1158		1,084955192564014E-004	1,883824526413654E-005
1159		1,871779933570259E-004	1,883824526413655E-005
1160		4,451461498386754E-004	1,880449902198205E-005
1161		1,567561368767176E-004	1,872866846472305E-005
1162		4,192673986650195E-004	1,869175337459217E-005
1163		4,461024639824878E-004	1,869128262399943E-005
1164		7,028885657286573E-004	1,865029577322540E-005
1165		2,535555353692645E-003	1,865029577322540E-005
1166		6,258913331742536E-004	1,865029577322540E-005
1167		2,726639763940000E-004	1,863083235368956E-005
1168		6,749620943697765E-004	1,863083235368956E-005
1169		1,912731631248051E-004	1,861596486374124E-005
1170		1,109705811719256E-004	1,840930569206918E-005
1171		1,005753550134426E-004	1,840916057371775E-005
1172		4,068042919384048E-004	1,840916057371775E-005
1173		5,346486061289342E-004	1,840916057371775E-005
1174		3,003741279300872E-004	1,830410381179716E-005
1175		4,185151127223584E-004	1,830216962893959E-005
1176		2,713620925807015E-004	1,828827931970804E-005
1177		1,961372786759591E-004	1,828827931970804E-005
1178		4,560875748228922E-004	1,828827931970804E-005
1179		4,686423739891727E-004	1,828827931970806E-005
1180		3,407014923228071E-004	1,828827931970801E-005
1181		1,708024720957574E-004	1,828827931970804E-005
1182		1,546280914455136E-004	1,828827931970807E-005
1183		6,885203410206504E-004	1,828827931970804E-005
1184		1,417614619358708E-004	1,785322518691275E-005
1185		6,496811634964362E-005	1,691319981001069E-005
1186		4,812936620843468E-005	1,674892899094471E-005
1187		6,283744193434222E-005	1,674892899094472E-005
1188		4,068549595572453E-004	1,673595195395241E-005
1189		7,305703469446761E-004	1,665808910495939E-005
1190		1,136145215600235E-004	1,627546939938245E-005
1191		1,255412422955000E-004	1,593115410687428E-005
1192		1,825512571199984E-004	1,571653189877204E-005
1193		7,143674612259972E-005	1,554846570730599E-005
1194		1,228189077013992E-004	1,543799152985772E-005
1195		1,464113538332498E-004	1,543442550662518E-005
1196		1,639326359818812E-004	1,543068032410452E-005
1197		3,555747026879568E-004	1,543068032410454E-005
1198		2,489560738708264E-004	1,543068032410451E-005
1199		1,025680711484720E-004	1,543068032410450E-005
1200		1,946559901760889E-004	1,543068032410452E-005
1201		3,446518247190102E-004	1,543068032410453E-005
1202		2,008740565965401E-004	1,543066082051180E-005
1203		2,667283608129441E-004	1,543066082051179E-005
1204		7,632530320445279E-004	1,537438678756270E-005
1205		4,413856780020623E-004	1,536962133500695E-005
1206		9,836996109267100E-004	1,534164644234345E-005
1207		2,713024066195030E-003	1,533764252331097E-005
1208		4,814086628961263E-004	1,533644748342232E-005
1209		7,240186204672245E-004	1,533644748342229E-005
1210		3,476522235399783E-004	1,527919859922788E-005
1211		2,376022582770360E-004	1,526396830827528E-005
1212		1,685019850662040E-004	1,522149744103533E-005
1213		3,991930120300563E-004	1,522144016577771E-005
1214		2,716391027013040E-004	1,522144016577771E-005
1215		8,773591409250859E-005	1,517500081686623E-005
1216		6,885203238122361E-005	1,512682885204892E-005
1217		1,348423465044903E-004	1,497986725184654E-005
1218		1,111972432569904E-004	1,497014572770384E-005
1219		8,259339970550949E-005	1,472213553346005E-005
1220		1,007372573532537E-004	1,472159689201920E-005
1221		2,673320950570202E-004	1,457168387278792E-005
1222		2,447412491178820E-004	1,455202627837797E-005
1223		1,830725941919670E-004	1,455158738126739E-005
1224		2,966582345864226E-004	1,454195368761831E-005
1225		3,014183266994037E-004	1,450698638801675E-005
1226		1,420469941180130E-003	1,450698638801674E-005
1227		1,227102945869639E-003	1,450698638801674E-005
1228		7,116920192743909E-004	1,450539817010617E-005
1229		4,830246933491224E-004	1,444485751444943E-005
1230		2,952279610969959E-004	1,444485751444947E-005
1231		2,487335665541791E-004	1,440508652243716E-005
1232		1,604216950179380E-004	1,437783839143191E-005
1233		1,510333954299580E-003	1,437783839143191E-005
1234		2,308994383054544E-004	1,436185664490609E-005
1235		4,132681785381308E-004	1,423963002911286E-005
1236		4,976497120577033E-004	1,423958588340607E-005
1237		8,386087810722480E-005	1,415477412349103E-005
1238		8,300733362890182E-005	1,398782968462606E-005
1239		1,040483221983259E-004	1,394451948176088E-005
1240		5,621790891569619E-005	1,385503721158839E-005
1241		2,426838915672396E-004	1,385223126390568E-005
1242		6,025244465457128E-004	1,381536248403636E-005
1243		3,133050296586337E-004	1,379775917679301E-005
1244		4,224505888930033E-004	1,379775917679301E-005
1245		1,985408049889758E-004	1,379775917679301E-005
1246		4,482319157807783E-004	1,378398676561254E-005
1247		3,351306094442505E-004	1,377870864337413E-005
1248		9,336007029906215E-005	1,358631215519935E-005
1249		6,084423291831145E-005	1,347866967800165E-005
1250		6,119207842889511E-005	1,314876721315922E-005
1251		9,088902521424439E-005	1,286768750415155E-005
1252		5,088674433587431E-005	1,218873904959038E-005
1253		5,048905016607942E-005	1,211912699595581E-005
1254		4,307771518944290E-005	1,201972676629352E-005
1255		1,286488493105302E-004	1,180755054248758E-005
1256		2,050745836338095E-005	1,122078566296933E-005
1257		3,747287627302296E-005	1,122078566296932E-005
1258		8,899521941711909E-005	1,111541022195037E-005
1259		2,774386399680855E-005	1,061967072071110E-005
1260		3,245721957495532E-005	1,017733770311222E-005
1261		4,566773281067502E-005	1,015920327553997E-005
1262		3,983599725275711E-005	9,679309375435848E-006
End iteration: 1263 		 ||f - Ax^j|| / ||r^0||: 9,679309375436307E-06
