Method: ComplexLocalOptimalScheme
SLAE Number: 2
Threads: 12
Smoothing: NoSmoothing
Total time: 61491 ms
Total iterations: 765

End iteration: 765 		 ||f - Ax^j|| / ||r^0||: 9,821108472785954E-06

Iteration	Residual		SmoothedResidual
---------	---------		---------------
1		7,790319740144022E-001	7,790319740144019E-001
2		2,649984956561556E-001	2,649984956561557E-001
3		2,681571545562342E-001	2,681571545562343E-001
4		2,011839538699157E-001	2,011839538699158E-001
5		1,737514592102591E-001	1,737514592102589E-001
6		2,721460214074974E-001	2,721460214074974E-001
7		1,496370096316821E-001	1,496370096316820E-001
8		1,570948638863766E-001	1,570948638863765E-001
9		7,688827117970470E-002	7,688827117970465E-002
10		9,014067694144647E-002	9,014067694144630E-002
11		1,180388581041347E-001	1,180388581041345E-001
12		8,582946037010389E-002	8,582946037010394E-002
13		6,854496247297992E-002	6,854496247297993E-002
14		6,796944170442847E-002	6,796944170442840E-002
15		1,258096740725209E-001	1,258096740725209E-001
16		8,360461693905892E-002	8,360461693905877E-002
17		6,408913071351909E-002	6,408913071351903E-002
18		7,501070161715850E-002	7,501070161715846E-002
19		8,579783378589970E-002	8,579783378589978E-002
20		8,547081862240084E-002	8,547081862240068E-002
21		7,459330597095211E-002	7,459330597095198E-002
22		2,393855664356559E-001	2,393855664356561E-001
23		1,051308129254920E-001	1,051308129254921E-001
24		1,006507368118930E-001	1,006507368118930E-001
25		5,014789456437534E-002	5,014789456437524E-002
26		4,171478555914912E-002	4,171478555914914E-002
27		4,434191489301077E-002	4,434191489301074E-002
28		3,084894343902626E-002	3,084894343902628E-002
29		3,636953160757139E-002	3,636953160757134E-002
30		4,099873921517043E-002	4,099873921517039E-002
31		5,273744248622927E-002	5,273744248622928E-002
32		4,387822478051549E-002	4,387822478051538E-002
33		1,785704005031551E-001	1,785704005031548E-001
34		6,230960835130056E-002	6,230960835130052E-002
35		8,120112384010766E-002	8,120112384010748E-002
36		4,916153647541326E-002	4,916153647541335E-002
37		4,190705119251498E-002	4,190705119251498E-002
38		2,174055788310326E-002	2,174055788310333E-002
39		1,051314801475508E-001	1,051314801475509E-001
40		1,731647584440991E-002	1,731647584440995E-002
41		1,343246499791228E-002	1,343246499791229E-002
42		1,882924914625232E-002	1,882924914625228E-002
43		1,717397955812600E-002	1,717397955812600E-002
44		1,720103831088225E-002	1,720103831088221E-002
45		1,691397678215886E-002	1,691397678215886E-002
46		4,293825165097526E-002	4,293825165097528E-002
47		8,575270603681158E-002	8,575270603681154E-002
48		1,130429288182712E-001	1,130429288182709E-001
49		6,165285200757854E-002	6,165285200757856E-002
50		5,208273387566328E-002	5,208273387566332E-002
51		4,138718827442169E-002	4,138718827442162E-002
52		4,458303861528860E-002	4,458303861528866E-002
53		4,013117542522870E-002	4,013117542522877E-002
54		9,164993465074139E-002	9,164993465074162E-002
55		5,489946207238375E-002	5,489946207238387E-002
56		7,539555061026852E-002	7,539555061026844E-002
57		2,391157291060113E-002	2,391157291060114E-002
58		1,620938658483191E-002	1,620938658483191E-002
59		2,211152829385446E-002	2,211152829385450E-002
60		2,021017141933843E-002	2,021017141933844E-002
61		1,747239567063487E-002	1,747239567063490E-002
62		2,485519864011849E-002	2,485519864011853E-002
63		1,482783240723154E-002	1,482783240723152E-002
64		1,534754058722543E-002	1,534754058722543E-002
65		1,754023282573126E-002	1,754023282573128E-002
66		3,179503657369016E-002	3,179503657369015E-002
67		1,465468117761889E-002	1,465468117761891E-002
68		1,251270208841134E-002	1,251270208841133E-002
69		1,157319769460435E-002	1,157319769460438E-002
70		1,493809490703240E-002	1,493809490703243E-002
71		1,323309887683253E-002	1,323309887683251E-002
72		1,530339442989641E-002	1,530339442989640E-002
73		1,348190188319870E-002	1,348190188319870E-002
74		1,211556438357100E-002	1,211556438357099E-002
75		1,081935127737734E-002	1,081935127737733E-002
76		9,650240066943464E-003	9,650240066943474E-003
77		9,931944602629366E-003	9,931944602629368E-003
78		1,064909284714485E-002	1,064909284714487E-002
79		1,045983018498916E-002	1,045983018498916E-002
80		1,119653005777834E-002	1,119653005777836E-002
81		1,426264151758733E-002	1,426264151758734E-002
82		2,097803236996533E-002	2,097803236996533E-002
83		4,000247919162306E-002	4,000247919162309E-002
84		4,804204880890361E-002	4,804204880890366E-002
85		1,328379729098280E-002	1,328379729098280E-002
86		1,033057196097909E-002	1,033057196097909E-002
87		9,804021703670056E-003	9,804021703670049E-003
88		1,308204465709673E-002	1,308204465709675E-002
89		1,018146845531375E-002	1,018146845531376E-002
90		1,069190618209219E-002	1,069190618209219E-002
91		1,130902558788101E-002	1,130902558788098E-002
92		8,700724175971723E-003	8,700724175971716E-003
93		9,093413938277435E-003	9,093413938277445E-003
94		1,573611599748952E-002	1,573611599748950E-002
95		6,232269992184619E-003	6,232269992184618E-003
96		5,635877960228776E-003	5,635877960228776E-003
97		5,545471490807881E-003	5,545471490807885E-003
98		2,013610394721353E-002	2,013610394721354E-002
99		7,847785762189479E-003	7,847785762189479E-003
100		7,900072821482853E-003	7,900072821482855E-003
101		8,771050307228957E-003	8,771050307228955E-003
102		7,627206589753271E-003	7,627206589753278E-003
103		7,818747037443874E-003	7,818747037443875E-003
104		7,668682715991222E-003	7,668682715991214E-003
105		4,516777961996513E-003	4,516777961996522E-003
106		5,479483692775735E-003	5,479483692775734E-003
107		5,341687884557705E-003	5,341687884557701E-003
108		1,145263382598203E-002	1,145263382598204E-002
109		9,329747953969250E-003	9,329747953969261E-003
110		5,954014441047313E-003	5,954014441047319E-003
111		5,082399430457163E-003	5,082399430457161E-003
112		6,431215190726355E-003	6,431215190726353E-003
113		6,887116524720430E-003	6,887116524720433E-003
114		7,807162022369659E-003	7,807162022369656E-003
115		5,934470531489276E-003	5,934470531489276E-003
116		7,351264273466500E-003	7,351264273466513E-003
117		1,339692818060639E-002	1,339692818060638E-002
118		1,135585407694663E-002	1,135585407694662E-002
119		1,284796250270456E-002	1,284796250270457E-002
120		1,231963607512451E-002	1,231963607512452E-002
121		1,128586557534867E-002	1,128586557534867E-002
122		1,168950330966160E-002	1,168950330966161E-002
123		8,561367749937432E-003	8,561367749937427E-003
124		9,310893330124071E-003	9,310893330124071E-003
125		7,650812450154399E-003	7,650812450154392E-003
126		8,478633775702739E-003	8,478633775702737E-003
127		9,659346319862689E-003	9,659346319862679E-003
128		8,429796070870476E-003	8,429796070870469E-003
129		7,646682302560394E-003	7,646682302560392E-003
130		7,515957726442984E-003	7,515957726442984E-003
131		8,569574667284644E-003	8,569574667284649E-003
132		1,064270508906331E-002	1,064270508906331E-002
133		1,065954405508291E-002	1,065954405508290E-002
134		1,164067500588445E-002	1,164067500588445E-002
135		1,106372544345917E-002	1,106372544345916E-002
136		8,295161995211183E-003	8,295161995211180E-003
137		1,117807684521165E-002	1,117807684521166E-002
138		1,506617226453958E-002	1,506617226453958E-002
139		1,025225202593571E-002	1,025225202593574E-002
140		1,106711492892045E-002	1,106711492892049E-002
141		8,246960772585663E-003	8,246960772585653E-003
142		7,534750224836382E-003	7,534750224836386E-003
143		4,117429614616545E-003	4,117429614616541E-003
144		4,027923735656534E-003	4,027923735656533E-003
145		4,933393148510931E-003	4,933393148510918E-003
146		4,177135768562951E-003	4,177135768562949E-003
147		7,225054458253556E-003	7,225054458253568E-003
148		3,065066467645558E-003	3,065066467645557E-003
149		8,264644096722566E-003	8,264644096722588E-003
150		2,112805754552418E-003	2,112805754552419E-003
151		2,090441251456836E-003	2,090441251456836E-003
152		2,271939079546687E-003	2,271939079546686E-003
153		2,619399897656121E-003	2,619399897656121E-003
154		2,221021504173520E-003	2,221021504173517E-003
155		2,196226178885969E-003	2,196226178885969E-003
156		2,434200019881748E-003	2,434200019881748E-003
157		2,556858244103959E-003	2,556858244103958E-003
158		5,725724719715730E-003	5,725724719715723E-003
159		2,549218504032087E-003	2,549218504032087E-003
160		3,527884079266462E-003	3,527884079266462E-003
161		1,130992262342827E-002	1,130992262342826E-002
162		3,658746609977126E-003	3,658746609977127E-003
163		3,146409451056647E-003	3,146409451056647E-003
164		2,940239015049773E-003	2,940239015049770E-003
165		3,434582743811974E-003	3,434582743811974E-003
166		3,113910944592216E-003	3,113910944592224E-003
167		3,016875238198869E-003	3,016875238198868E-003
168		1,539807226968776E-003	1,539807226968779E-003
169		1,439760115199555E-003	1,439760115199556E-003
170		1,434553172338034E-003	1,434553172338034E-003
171		3,791409991468278E-003	3,791409991468286E-003
172		2,276204568297662E-003	2,276204568297662E-003
173		2,539967719155562E-003	2,539967719155560E-003
174		6,455487805408052E-003	6,455487805408057E-003
175		1,522719193289310E-003	1,522719193289314E-003
176		7,138885556374669E-003	7,138885556374674E-003
177		4,049592452537196E-003	4,049592452537196E-003
178		1,140052745496567E-003	1,140052745496568E-003
179		2,092076135594859E-003	2,092076135594859E-003
180		1,125708058849366E-003	1,125708058849367E-003
181		1,013256413845740E-003	1,013256413845739E-003
182		1,431344814130921E-003	1,431344814130922E-003
183		1,013462374386590E-003	1,013462374386590E-003
184		9,785547064824903E-004	9,785547064824899E-004
185		1,079525011388413E-003	1,079525011388411E-003
186		1,077135097676134E-003	1,077135097676133E-003
187		1,063925647789471E-003	1,063925647789472E-003
188		1,198675311977646E-003	1,198675311977645E-003
189		1,109419425777770E-003	1,109419425777770E-003
190		2,853352884091141E-003	2,853352884091144E-003
191		1,199859954762303E-003	1,199859954762302E-003
192		1,183659882092744E-003	1,183659882092744E-003
193		9,828753158381746E-004	9,828753158381746E-004
194		1,005363355185073E-003	1,005363355185075E-003
195		1,029326489963501E-003	1,029326489963500E-003
196		1,418343811984052E-003	1,418343811984049E-003
197		7,906452228298302E-004	7,906452228298302E-004
198		7,604660272174780E-004	7,604660272174773E-004
199		8,113125765544176E-004	8,113125765544172E-004
200		8,825616479144256E-004	8,825616479144252E-004
201		7,563605455730218E-004	7,563605455730209E-004
202		6,985333754636445E-004	6,985333754636448E-004
203		6,691478566281971E-004	6,691478566281974E-004
204		6,584294946359531E-004	6,584294946359525E-004
205		6,712804103675844E-004	6,712804103675848E-004
206		6,974669888914292E-004	6,974669888914289E-004
207		8,332464420536165E-004	8,332464420536165E-004
208		9,399113248009149E-004	9,399113248009137E-004
209		1,756673346101408E-003	1,756673346101410E-003
210		8,359904957954233E-004	8,359904957954240E-004
211		1,257882122038800E-003	1,257882122038802E-003
212		1,736762842917138E-003	1,736762842917139E-003
213		2,651067875341868E-003	2,651067875341871E-003
214		4,616707847917488E-003	4,616707847917492E-003
215		4,603705197710192E-003	4,603705197710190E-003
216		3,136581821362282E-003	3,136581821362284E-003
217		2,113362490888145E-003	2,113362490888145E-003
218		1,701288629596568E-003	1,701288629596568E-003
219		1,730984335274258E-003	1,730984335274256E-003
220		1,774098932866873E-003	1,774098932866877E-003
221		2,165300245748046E-003	2,165300245748054E-003
222		1,964275868240130E-003	1,964275868240130E-003
223		2,185653995526006E-003	2,185653995526007E-003
224		4,363028055937020E-003	4,363028055937023E-003
225		1,925376524608551E-003	1,925376524608550E-003
226		1,770910884318265E-003	1,770910884318267E-003
227		1,891528938477085E-003	1,891528938477084E-003
228		9,244561748225284E-003	9,244561748225301E-003
229		1,854100877808856E-003	1,854100877808857E-003
230		1,743267380920135E-003	1,743267380920139E-003
231		1,862879771923459E-003	1,862879771923459E-003
232		2,104402506978850E-003	2,104402506978851E-003
233		1,886890182652191E-003	1,886890182652188E-003
234		1,920141903675805E-003	1,920141903675806E-003
235		2,196155133937402E-003	2,196155133937399E-003
236		2,534585862073536E-003	2,534585862073539E-003
237		1,668245131042793E-003	1,668245131042797E-003
238		6,058749664869562E-003	6,058749664869561E-003
239		1,604438528315280E-003	1,604438528315278E-003
240		1,523973063005380E-003	1,523973063005385E-003
241		2,580248899358338E-003	2,580248899358338E-003
242		1,388531091328992E-003	1,388531091328989E-003
243		1,401830398735844E-003	1,401830398735845E-003
244		1,681579361342775E-003	1,681579361342777E-003
245		1,552624067556543E-003	1,552624067556543E-003
246		2,124125551344758E-003	2,124125551344756E-003
247		4,687646750558360E-004	4,687646750558360E-004
248		5,517637382411026E-004	5,517637382411031E-004
249		4,005890195684963E-004	4,005890195684965E-004
250		3,894474125267028E-004	3,894474125267025E-004
251		3,808181679993898E-004	3,808181679993894E-004
252		3,896734453877627E-004	3,896734453877625E-004
253		4,257218933560976E-004	4,257218933560980E-004
254		7,211515790753936E-004	7,211515790753939E-004
255		4,347448390840669E-004	4,347448390840668E-004
256		4,783042208289345E-004	4,783042208289345E-004
257		1,119187573724390E-003	1,119187573724391E-003
258		6,120135084775394E-004	6,120135084775402E-004
259		7,033779527053571E-004	7,033779527053566E-004
260		5,023489094710689E-004	5,023489094710689E-004
261		3,566589592857827E-004	3,566589592857830E-004
262		3,687505963098062E-004	3,687505963098063E-004
263		4,794873064236672E-004	4,794873064236671E-004
264		4,786355471583315E-004	4,786355471583313E-004
265		3,778797493635093E-004	3,778797493635093E-004
266		4,154480153579489E-004	4,154480153579492E-004
267		7,761138401905195E-004	7,761138401905206E-004
268		6,701408185025031E-004	6,701408185025034E-004
269		3,857034703338746E-004	3,857034703338743E-004
270		4,639802459523664E-004	4,639802459523664E-004
271		3,727011329595820E-004	3,727011329595820E-004
272		3,157395516459881E-004	3,157395516459888E-004
273		3,078341704193055E-004	3,078341704193055E-004
274		3,599578816591067E-004	3,599578816591068E-004
275		3,317102876951863E-004	3,317102876951862E-004
276		3,480624263631632E-004	3,480624263631633E-004
277		3,655423053849932E-004	3,655423053849927E-004
278		3,688583892931334E-004	3,688583892931333E-004
279		9,890200092731412E-004	9,890200092731386E-004
280		2,210954553534700E-003	2,210954553534710E-003
281		5,722909793152006E-004	5,722909793151999E-004
282		5,132925458947701E-004	5,132925458947705E-004
283		5,486824783899120E-004	5,486824783899118E-004
284		6,246143693892342E-004	6,246143693892343E-004
285		6,324053981691005E-004	6,324053981691003E-004
286		1,011479169524576E-003	1,011479169524573E-003
287		1,732301812990512E-003	1,732301812990508E-003
288		9,243761681123692E-004	9,243761681123704E-004
289		5,079064337441823E-004	5,079064337441830E-004
290		5,531188847685976E-004	5,531188847685985E-004
291		7,281252659234568E-004	7,281252659234564E-004
292		1,577158038895032E-003	1,577158038895031E-003
293		7,428175022938783E-004	7,428175022938781E-004
294		9,722229812541903E-004	9,722229812541907E-004
295		1,353876818218593E-003	1,353876818218593E-003
296		7,691495979948830E-004	7,691495979948827E-004
297		1,689461823298779E-003	1,689461823298780E-003
298		8,434198193201543E-004	8,434198193201552E-004
299		9,119799258249081E-004	9,119799258249091E-004
300		1,102164948535253E-003	1,102164948535252E-003
301		1,464120658157379E-003	1,464120658157381E-003
302		1,336466379728239E-003	1,336466379728238E-003
303		1,490263069825623E-003	1,490263069825618E-003
304		1,498052981547208E-003	1,498052981547204E-003
305		1,213784581303665E-003	1,213784581303667E-003
306		9,313925264292664E-004	9,313925264292677E-004
307		1,065225448547314E-003	1,065225448547313E-003
308		1,736352295838296E-003	1,736352295838297E-003
309		1,035810750195787E-003	1,035810750195787E-003
310		1,695479071694789E-003	1,695479071694789E-003
311		9,206468722344398E-004	9,206468722344405E-004
312		7,783118830614524E-004	7,783118830614523E-004
313		7,770671314835366E-004	7,770671314835388E-004
314		3,108554348768916E-003	3,108554348768922E-003
315		4,649687339902967E-003	4,649687339902972E-003
316		3,431433906898584E-003	3,431433906898586E-003
317		2,822901060756319E-003	2,822901060756317E-003
318		9,818804316982363E-004	9,818804316982369E-004
319		1,186277775809998E-003	1,186277775809998E-003
320		1,570611066423889E-003	1,570611066423891E-003
321		1,065793198134197E-003	1,065793198134197E-003
322		7,445184311150469E-004	7,445184311150467E-004
323		7,837657636208180E-004	7,837657636208188E-004
324		6,418339091216426E-004	6,418339091216427E-004
325		6,553666156182733E-004	6,553666156182726E-004
326		6,638728055746460E-004	6,638728055746464E-004
327		6,655427923513906E-004	6,655427923513902E-004
328		7,075423138165793E-004	7,075423138165788E-004
329		6,794114383808728E-004	6,794114383808715E-004
330		6,700577933352989E-004	6,700577933352995E-004
331		6,629817209840834E-004	6,629817209840837E-004
332		6,697558791187208E-004	6,697558791187202E-004
333		6,862947967605430E-004	6,862947967605444E-004
334		7,122734826320829E-004	7,122734826320836E-004
335		7,087004872754252E-004	7,087004872754257E-004
336		6,952210178975893E-004	6,952210178975890E-004
337		6,946667853843954E-004	6,946667853843954E-004
338		7,085499881760130E-004	7,085499881760126E-004
339		7,655545973829804E-004	7,655545973829821E-004
340		7,833368741115563E-004	7,833368741115563E-004
341		8,334891956398168E-004	8,334891956398164E-004
342		8,956092165293843E-004	8,956092165293849E-004
343		8,014972498738549E-004	8,014972498738557E-004
344		7,757149386985158E-004	7,757149386985157E-004
345		7,711784686605285E-004	7,711784686605281E-004
346		8,282426143405061E-004	8,282426143405063E-004
347		7,931847340383371E-004	7,931847340383362E-004
348		7,764011918406613E-004	7,764011918406615E-004
349		1,263445707498095E-003	1,263445707498094E-003
350		8,116237760341906E-004	8,116237760341904E-004
351		8,366887603520433E-004	8,366887603520431E-004
352		2,119101911488957E-003	2,119101911488955E-003
353		2,953167453443611E-003	2,953167453443610E-003
354		1,590152829445845E-003	1,590152829445843E-003
355		1,088042895365386E-003	1,088042895365386E-003
356		7,682596260352116E-004	7,682596260352120E-004
357		6,872165302781350E-004	6,872165302781350E-004
358		9,331735589378539E-004	9,331735589378544E-004
359		1,129224008166077E-003	1,129224008166077E-003
360		7,846018075345797E-003	7,846018075345790E-003
361		9,739108047350539E-004	9,739108047350563E-004
362		8,829260472193127E-004	8,829260472193127E-004
363		8,181620084495496E-004	8,181620084495512E-004
364		1,229213564449709E-003	1,229213564449709E-003
365		7,391698568306896E-004	7,391698568306900E-004
366		6,753582844337198E-004	6,753582844337201E-004
367		7,796718638811572E-004	7,796718638811567E-004
368		6,445275738643793E-004	6,445275738643804E-004
369		5,128839168942052E-003	5,128839168942060E-003
370		1,420288204906718E-003	1,420288204906719E-003
371		9,938492198315421E-004	9,938492198315419E-004
372		7,107517128571323E-004	7,107517128571315E-004
373		7,287461961378789E-004	7,287461961378785E-004
374		7,620645381866577E-004	7,620645381866587E-004
375		5,546432675854497E-004	5,546432675854488E-004
376		5,158576586988429E-004	5,158576586988424E-004
377		6,446336294470879E-004	6,446336294470889E-004
378		5,275656839051173E-004	5,275656839051177E-004
379		5,031777419870433E-004	5,031777419870428E-004
380		4,838439588320592E-004	4,838439588320585E-004
381		5,231992088639556E-004	5,231992088639552E-004
382		4,891653012515275E-004	4,891653012515281E-004
383		1,450350799906434E-003	1,450350799906436E-003
384		4,635756577653320E-004	4,635756577653319E-004
385		4,354976503794642E-004	4,354976503794640E-004
386		4,082413254397549E-004	4,082413254397541E-004
387		4,326192814927546E-004	4,326192814927543E-004
388		4,104263961226485E-004	4,104263961226487E-004
389		4,193187584213155E-004	4,193187584213146E-004
390		4,325048262593977E-004	4,325048262593980E-004
391		5,446387924572498E-004	5,446387924572505E-004
392		9,117935722565210E-004	9,117935722565197E-004
393		7,163510282960874E-004	7,163510282960871E-004
394		1,207301622779340E-003	1,207301622779341E-003
395		1,009392063866771E-003	1,009392063866772E-003
396		1,997155393444771E-003	1,997155393444775E-003
397		1,108212537007817E-003	1,108212537007814E-003
398		1,788500898647334E-003	1,788500898647331E-003
399		1,852506104362542E-003	1,852506104362543E-003
400		1,862070732372233E-003	1,862070732372234E-003
401		1,370586565881375E-003	1,370586565881373E-003
402		9,670460582880955E-004	9,670460582880941E-004
403		8,488536080888761E-004	8,488536080888758E-004
404		6,473973528217313E-004	6,473973528217290E-004
405		6,959135159858854E-004	6,959135159858850E-004
406		6,099540177704045E-004	6,099540177704042E-004
407		5,276522957723863E-004	5,276522957723866E-004
408		8,919610863635407E-004	8,919610863635405E-004
409		6,960234873699716E-004	6,960234873699712E-004
410		6,031114359891788E-004	6,031114359891791E-004
411		5,831623285773918E-004	5,831623285773916E-004
412		5,544069973572483E-004	5,544069973572480E-004
413		5,771090950822411E-004	5,771090950822408E-004
414		5,776603712399652E-004	5,776603712399649E-004
415		6,917498667664564E-004	6,917498667664581E-004
416		7,330875670974353E-004	7,330875670974358E-004
417		7,448596065945907E-004	7,448596065945923E-004
418		6,469621423274250E-004	6,469621423274251E-004
419		6,039966155534563E-004	6,039966155534569E-004
420		8,103690153530038E-004	8,103690153530047E-004
421		5,544865371226790E-004	5,544865371226790E-004
422		5,632798672465072E-004	5,632798672465059E-004
423		6,418700998456035E-004	6,418700998456038E-004
424		6,561199196845202E-004	6,561199196845205E-004
425		7,109222403908141E-004	7,109222403908138E-004
426		7,279577531049287E-004	7,279577531049289E-004
427		5,892513989012504E-004	5,892513989012512E-004
428		4,213663227345220E-004	4,213663227345219E-004
429		3,425871981637352E-004	3,425871981637356E-004
430		2,619855708493885E-004	2,619855708493883E-004
431		9,959096185218393E-004	9,959096185218395E-004
432		2,062021793300382E-004	2,062021793300383E-004
433		1,812421317582935E-004	1,812421317582933E-004
434		1,984133685710384E-004	1,984133685710382E-004
435		2,028264912808462E-004	2,028264912808461E-004
436		1,830617778606436E-004	1,830617778606434E-004
437		1,855620970910668E-004	1,855620970910668E-004
438		1,911483572817077E-004	1,911483572817075E-004
439		1,747326489484051E-004	1,747326489484051E-004
440		1,850779305274753E-004	1,850779305274753E-004
441		1,827807461550906E-004	1,827807461550909E-004
442		1,562107114366333E-004	1,562107114366334E-004
443		1,608824055354797E-004	1,608824055354798E-004
444		1,403292660488310E-004	1,403292660488310E-004
445		2,304664869570816E-004	2,304664869570818E-004
446		1,467479918774746E-004	1,467479918774745E-004
447		1,456616977529394E-004	1,456616977529394E-004
448		1,514843500293779E-004	1,514843500293779E-004
449		1,432932158144162E-004	1,432932158144163E-004
450		1,564359020664227E-004	1,564359020664229E-004
451		1,491019255769387E-004	1,491019255769388E-004
452		1,538021259006332E-004	1,538021259006329E-004
453		2,059545301915123E-004	2,059545301915122E-004
454		2,128265955775254E-004	2,128265955775261E-004
455		1,512244219652282E-004	1,512244219652276E-004
456		1,425051511745373E-004	1,425051511745375E-004
457		1,400423484106448E-004	1,400423484106447E-004
458		1,893120289987587E-004	1,893120289987590E-004
459		2,120068480362110E-004	2,120068480362106E-004
460		2,727795716346101E-004	2,727795716346105E-004
461		4,495369898017730E-004	4,495369898017733E-004
462		8,556418029378113E-004	8,556418029378102E-004
463		4,744267805930625E-004	4,744267805930636E-004
464		1,919974410756915E-004	1,919974410756914E-004
465		2,509061586091536E-004	2,509061586091538E-004
466		2,868323208961973E-004	2,868323208961971E-004
467		4,002884684410852E-004	4,002884684410852E-004
468		3,498170317063545E-004	3,498170317063547E-004
469		2,917061185487133E-004	2,917061185487136E-004
470		4,748659402606140E-004	4,748659402606127E-004
471		7,791297238995853E-004	7,791297238995865E-004
472		3,646344989236316E-004	3,646344989236316E-004
473		2,204393203039477E-004	2,204393203039477E-004
474		2,216752185954767E-004	2,216752185954765E-004
475		2,960775033638453E-004	2,960775033638450E-004
476		3,358024297041475E-004	3,358024297041477E-004
477		2,810124142752712E-004	2,810124142752713E-004
478		2,844095293768858E-004	2,844095293768857E-004
479		3,395416947253417E-004	3,395416947253414E-004
480		3,423380813424041E-004	3,423380813424039E-004
481		3,447957101915295E-004	3,447957101915302E-004
482		3,751139148463523E-004	3,751139148463525E-004
483		3,639967648077118E-004	3,639967648077118E-004
484		3,423600664219367E-004	3,423600664219366E-004
485		3,594947493528267E-004	3,594947493528266E-004
486		4,408363739546972E-004	4,408363739546973E-004
487		5,485878682524301E-004	5,485878682524297E-004
488		5,146407253716113E-004	5,146407253716121E-004
489		5,107092727026504E-004	5,107092727026500E-004
490		6,793054441987120E-004	6,793054441987119E-004
491		5,824038332408585E-004	5,824038332408572E-004
492		5,579588622668086E-004	5,579588622668073E-004
493		6,230727051919908E-004	6,230727051919917E-004
494		1,036622321503798E-003	1,036622321503800E-003
495		8,049897816294489E-004	8,049897816294492E-004
496		6,256242903028726E-004	6,256242903028723E-004
497		8,614950531099403E-004	8,614950531099394E-004
498		4,098996052564791E-003	4,098996052564796E-003
499		3,982306921593489E-003	3,982306921593495E-003
500		2,061695469899103E-003	2,061695469899107E-003
501		9,835995266398016E-004	9,835995266398014E-004
502		8,771186673437821E-004	8,771186673437814E-004
503		1,121544583599438E-003	1,121544583599437E-003
504		8,985490729575855E-004	8,985490729575856E-004
505		7,124278121746278E-004	7,124278121746276E-004
506		6,860395391045867E-004	6,860395391045867E-004
507		6,290375305291518E-004	6,290375305291520E-004
508		6,376237250378616E-004	6,376237250378609E-004
509		6,264042116287417E-004	6,264042116287421E-004
510		6,296693796512874E-004	6,296693796512875E-004
511		6,243789356361783E-004	6,243789356361782E-004
512		6,142241143542788E-004	6,142241143542792E-004
513		6,317869196783510E-004	6,317869196783510E-004
514		6,550883139139805E-004	6,550883139139796E-004
515		5,948532676324593E-004	5,948532676324596E-004
516		6,369929508736734E-004	6,369929508736738E-004
517		8,844733296267712E-004	8,844733296267673E-004
518		6,086648657573510E-004	6,086648657573510E-004
519		7,591299104868381E-004	7,591299104868388E-004
520		4,811764777641989E-004	4,811764777641987E-004
521		3,906895459067017E-004	3,906895459067018E-004
522		3,873982124440588E-004	3,873982124440587E-004
523		4,203250206548835E-004	4,203250206548835E-004
524		4,376532265787789E-004	4,376532265787789E-004
525		4,562023753970983E-004	4,562023753970983E-004
526		4,522354765977125E-004	4,522354765977125E-004
527		5,705027746038531E-004	5,705027746038540E-004
528		7,910859483527376E-004	7,910859483527388E-004
529		8,625094295604123E-004	8,625094295604119E-004
530		8,084344991199867E-004	8,084344991199869E-004
531		4,257164478261908E-004	4,257164478261908E-004
532		3,682941254603401E-004	3,682941254603404E-004
533		2,919542896916365E-004	2,919542896916368E-004
534		2,797935810200592E-004	2,797935810200589E-004
535		2,777716708827562E-004	2,777716708827566E-004
536		2,874346950860394E-004	2,874346950860397E-004
537		3,041510441269304E-004	3,041510441269300E-004
538		3,079965352990309E-004	3,079965352990309E-004
539		3,172123770896311E-004	3,172123770896310E-004
540		6,558892091676637E-004	6,558892091676640E-004
541		6,401082373436386E-004	6,401082373436385E-004
542		2,906133881036924E-004	2,906133881036925E-004
543		2,763723872898317E-004	2,763723872898320E-004
544		2,752068283391031E-004	2,752068283391033E-004
545		2,310089961004892E-004	2,310089961004893E-004
546		2,442794742269152E-004	2,442794742269150E-004
547		6,494196657114959E-004	6,494196657114958E-004
548		4,383637480792619E-004	4,383637480792624E-004
549		2,201159394331386E-004	2,201159394331388E-004
550		2,669737174862779E-004	2,669737174862774E-004
551		1,831884180476417E-004	1,831884180476416E-004
552		1,608394528899747E-004	1,608394528899746E-004
553		1,683293863082153E-004	1,683293863082153E-004
554		1,930748902244987E-004	1,930748902244986E-004
555		2,671223445210936E-004	2,671223445210933E-004
556		2,426209513505213E-004	2,426209513505215E-004
557		3,700586499443648E-004	3,700586499443648E-004
558		1,436329262223255E-004	1,436329262223255E-004
559		1,532665267003106E-004	1,532665267003105E-004
560		1,412187736134554E-004	1,412187736134554E-004
561		1,351572688137953E-004	1,351572688137957E-004
562		2,015502917470937E-004	2,015502917470937E-004
563		1,408950429724480E-004	1,408950429724480E-004
564		1,442329678983166E-004	1,442329678983164E-004
565		1,874242153728867E-004	1,874242153728865E-004
566		1,663803495829992E-004	1,663803495829989E-004
567		2,768517539674114E-004	2,768517539674106E-004
568		2,750384580064142E-004	2,750384580064137E-004
569		1,825303897982185E-004	1,825303897982183E-004
570		1,882073992510350E-004	1,882073992510347E-004
571		1,966744744584477E-004	1,966744744584470E-004
572		1,728365575325060E-004	1,728365575325061E-004
573		1,862192063045925E-004	1,862192063045926E-004
574		1,500594965192010E-004	1,500594965192011E-004
575		1,455861603525131E-004	1,455861603525132E-004
576		1,146773964623907E-004	1,146773964623906E-004
577		1,535268566788973E-004	1,535268566788974E-004
578		1,211657233989465E-004	1,211657233989466E-004
579		1,439888501099449E-004	1,439888501099448E-004
580		2,087899898220651E-004	2,087899898220649E-004
581		2,514646517406409E-004	2,514646517406410E-004
582		2,993029536384368E-004	2,993029536384366E-004
583		1,941603699642542E-004	1,941603699642540E-004
584		1,753021018073075E-004	1,753021018073076E-004
585		1,742593345407633E-004	1,742593345407631E-004
586		1,041789640101681E-004	1,041789640101682E-004
587		8,625694388849762E-005	8,625694388849767E-005
588		8,213229730555864E-005	8,213229730555858E-005
589		7,208265314437563E-005	7,208265314437568E-005
590		7,080939974354251E-005	7,080939974354251E-005
591		6,308306675029018E-005	6,308306675029022E-005
592		6,121443772789545E-005	6,121443772789538E-005
593		6,091200569149890E-005	6,091200569149891E-005
594		6,520987980389306E-005	6,520987980389306E-005
595		7,709824823525455E-005	7,709824823525454E-005
596		8,085373776593928E-005	8,085373776593922E-005
597		6,712381733116308E-005	6,712381733116325E-005
598		6,738878310090798E-005	6,738878310090801E-005
599		6,210299347831934E-005	6,210299347831930E-005
600		6,263442503608002E-005	6,263442503608002E-005
601		6,508607700834850E-005	6,508607700834849E-005
602		5,747591530634710E-005	5,747591530634698E-005
603		5,951011682508291E-005	5,951011682508296E-005
604		7,455710766107420E-005	7,455710766107415E-005
605		8,351934424545290E-005	8,351934424545279E-005
606		1,225016503007052E-004	1,225016503007050E-004
607		1,333985457380797E-004	1,333985457380797E-004
608		6,055983997409756E-005	6,055983997409760E-005
609		6,480323740249885E-005	6,480323740249889E-005
610		6,036978878740829E-005	6,036978878740821E-005
611		3,894555181875463E-005	3,894555181875467E-005
612		3,677522162616727E-005	3,677522162616729E-005
613		7,557989508927051E-005	7,557989508927042E-005
614		4,111597659916914E-005	4,111597659916910E-005
615		2,956532596453501E-005	2,956532596453502E-005
616		2,800264925913511E-005	2,800264925913510E-005
617		3,022805756823857E-005	3,022805756823866E-005
618		6,712797029036807E-005	6,712797029036808E-005
619		3,574934589216958E-005	3,574934589216962E-005
620		3,361544841065030E-005	3,361544841065029E-005
621		3,252650313827709E-005	3,252650313827710E-005
622		2,677311823348655E-005	2,677311823348647E-005
623		2,762395845869535E-005	2,762395845869539E-005
624		3,294948798335820E-005	3,294948798335820E-005
625		2,609684132076270E-005	2,609684132076272E-005
626		2,419202389603192E-005	2,419202389603189E-005
627		2,413091817771214E-005	2,413091817771216E-005
628		2,287971440087677E-005	2,287971440087678E-005
629		2,416376100434087E-005	2,416376100434085E-005
630		2,572659997260332E-005	2,572659997260331E-005
631		1,015107420782961E-004	1,015107420782960E-004
632		4,487848124253455E-005	4,487848124253454E-005
633		8,751138631578190E-005	8,751138631578174E-005
634		2,129979628891021E-005	2,129979628891019E-005
635		2,142749478909957E-005	2,142749478909954E-005
636		2,215818928300260E-005	2,215818928300260E-005
637		2,291707229501456E-005	2,291707229501460E-005
638		2,106224874740211E-005	2,106224874740208E-005
639		2,095833379484263E-005	2,095833379484263E-005
640		2,113521541900214E-005	2,113521541900215E-005
641		2,090790260841990E-005	2,090790260841987E-005
642		2,129605479434969E-005	2,129605479434965E-005
643		2,250274109786649E-005	2,250274109786648E-005
644		2,288121801022540E-005	2,288121801022539E-005
645		2,247547599636649E-005	2,247547599636648E-005
646		2,266357601689158E-005	2,266357601689158E-005
647		2,413072589703752E-005	2,413072589703751E-005
648		2,383288935565625E-005	2,383288935565625E-005
649		2,380704738386315E-005	2,380704738386315E-005
650		2,423597398729204E-005	2,423597398729202E-005
651		2,485641091472940E-005	2,485641091472945E-005
652		2,437091692341135E-005	2,437091692341136E-005
653		2,517832803427911E-005	2,517832803427914E-005
654		2,596099390224412E-005	2,596099390224411E-005
655		2,601683140141668E-005	2,601683140141665E-005
656		2,738673330702228E-005	2,738673330702229E-005
657		2,915135773162359E-005	2,915135773162355E-005
658		2,495240741705871E-005	2,495240741705867E-005
659		2,468485005568689E-005	2,468485005568690E-005
660		2,424647008214128E-005	2,424647008214129E-005
661		2,415113551708938E-005	2,415113551708936E-005
662		2,422798962170064E-005	2,422798962170066E-005
663		2,544528446089535E-005	2,544528446089531E-005
664		3,091601189809338E-005	3,091601189809338E-005
665		2,994565299350804E-005	2,994565299350804E-005
666		4,221428285976372E-005	4,221428285976373E-005
667		2,916484352248899E-005	2,916484352248905E-005
668		4,848969654866489E-005	4,848969654866487E-005
669		3,438802417774046E-005	3,438802417774049E-005
670		2,606883860842862E-005	2,606883860842864E-005
671		4,461279123783224E-005	4,461279123783215E-005
672		2,591514210644044E-005	2,591514210644051E-005
673		2,751666397147090E-005	2,751666397147087E-005
674		2,748879260889513E-005	2,748879260889518E-005
675		2,878776169949244E-005	2,878776169949247E-005
676		2,611862434569074E-005	2,611862434569076E-005
677		2,875944546750402E-005	2,875944546750401E-005
678		3,739647214400014E-005	3,739647214400010E-005
679		8,068973598879520E-005	8,068973598879512E-005
680		1,027335067321200E-004	1,027335067321201E-004
681		9,494461033769016E-005	9,494461033768997E-005
682		1,054101358289238E-004	1,054101358289240E-004
683		1,667514348537160E-004	1,667514348537160E-004
684		3,390458541759874E-005	3,390458541759876E-005
685		4,740733846515434E-005	4,740733846515440E-005
686		2,693218052317080E-005	2,693218052317077E-005
687		2,490799322895037E-005	2,490799322895036E-005
688		2,529863392451628E-005	2,529863392451627E-005
689		2,827241189722253E-005	2,827241189722247E-005
690		8,897263537845338E-005	8,897263537845338E-005
691		9,281187527919738E-005	9,281187527919740E-005
692		3,718983826432854E-005	3,718983826432847E-005
693		2,990142660754250E-005	2,990142660754251E-005
694		8,404644535681195E-005	8,404644535681187E-005
695		4,769861120096946E-005	4,769861120096942E-005
696		6,718946743276862E-005	6,718946743276865E-005
697		1,114307157251605E-004	1,114307157251605E-004
698		9,415707741669155E-005	9,415707741669147E-005
699		8,147094037232409E-005	8,147094037232411E-005
700		9,517750678067439E-005	9,517750678067435E-005
701		1,536847593539908E-004	1,536847593539907E-004
702		6,918043423540344E-005	6,918043423540348E-005
703		5,985550203669848E-005	5,985550203669846E-005
704		1,136729894932794E-004	1,136729894932795E-004
705		2,124137109106709E-004	2,124137109106706E-004
706		1,446893934743086E-004	1,446893934743087E-004
707		4,361147497194362E-005	4,361147497194369E-005
708		3,370676033333211E-005	3,370676033333213E-005
709		2,700960614068321E-005	2,700960614068320E-005
710		2,084455806178466E-005	2,084455806178467E-005
711		2,538919743650656E-005	2,538919743650651E-005
712		9,304176945268244E-005	9,304176945268247E-005
713		2,460079156066805E-005	2,460079156066806E-005
714		2,457109764803799E-005	2,457109764803798E-005
715		1,916845870577849E-005	1,916845870577849E-005
716		1,932777950728599E-005	1,932777950728600E-005
717		2,211714249910695E-005	2,211714249910696E-005
718		2,118822918028320E-005	2,118822918028320E-005
719		1,843501896442586E-005	1,843501896442588E-005
720		1,838739199505944E-005	1,838739199505944E-005
721		2,015727410430530E-005	2,015727410430531E-005
722		2,071246069806045E-005	2,071246069806041E-005
723		2,219270932656986E-005	2,219270932656986E-005
724		1,835239378784827E-005	1,835239378784825E-005
725		1,663523775970867E-005	1,663523775970866E-005
726		1,653984615191268E-005	1,653984615191268E-005
727		1,678450730970768E-005	1,678450730970767E-005
728		2,232319978248769E-005	2,232319978248764E-005
729		2,346382920255610E-005	2,346382920255609E-005
730		1,742652708318044E-005	1,742652708318045E-005
731		1,797798511275748E-005	1,797798511275744E-005
732		1,897012433553591E-005	1,897012433553590E-005
733		2,008442645548820E-005	2,008442645548825E-005
734		1,968364807961225E-005	1,968364807961224E-005
735		1,963291558140783E-005	1,963291558140784E-005
736		1,987291014923026E-005	1,987291014923025E-005
737		2,018206376298340E-005	2,018206376298340E-005
738		2,098982607938967E-005	2,098982607938968E-005
739		1,964680206780625E-005	1,964680206780629E-005
740		1,793282021038137E-005	1,793282021038138E-005
741		1,691873529303192E-005	1,691873529303191E-005
742		1,619842664337484E-005	1,619842664337484E-005
743		1,500646996625664E-005	1,500646996625662E-005
744		1,399708324436482E-005	1,399708324436483E-005
745		1,518136647351300E-005	1,518136647351301E-005
746		1,562162506853478E-005	1,562162506853476E-005
747		1,537698183045996E-005	1,537698183045995E-005
748		1,773854543506548E-005	1,773854543506546E-005
749		1,511890995391620E-005	1,511890995391621E-005
750		2,044677193178748E-005	2,044677193178752E-005
751		9,109157776661997E-005	9,109157776662016E-005
752		1,837669982953326E-005	1,837669982953326E-005
753		1,501696547014730E-005	1,501696547014730E-005
754		2,170868303347730E-005	2,170868303347728E-005
755		1,201497927553019E-005	1,201497927553019E-005
756		1,087303968867250E-005	1,087303968867251E-005
757		1,098185660658980E-005	1,098185660658979E-005
758		1,239728011693586E-005	1,239728011693586E-005
759		1,088606207968311E-005	1,088606207968312E-005
760		1,059763274579783E-005	1,059763274579782E-005
761		1,029634301090787E-005	1,029634301090786E-005
762		1,118146470270959E-005	1,118146470270961E-005
763		1,378255031523132E-005	1,378255031523130E-005
764		9,821108472789156E-006	9,821108472789139E-006
End iteration: 765 		 ||f - Ax^j|| / ||r^0||: 9,821108472785954E-06
