Method: ComplexLocalOptimalScheme
SLAE Number: 2
Threads: 4
Smoothing: NoSmoothing
Total time: 41952 ms
Total iterations: 757

End iteration: 757 		 ||f - Ax^j|| / ||r^0||: 9,881984439137719E-06

Iteration	Residual		SmoothedResidual
---------	---------		---------------
1		7,790319740144058E-001	7,790319740144047E-001
2		2,649984956561578E-001	2,649984956561577E-001
3		2,681571545562325E-001	2,681571545562325E-001
4		2,011839538699132E-001	2,011839538699130E-001
5		1,737514592102561E-001	1,737514592102562E-001
6		2,721460214074925E-001	2,721460214074931E-001
7		1,496370096316844E-001	1,496370096316843E-001
8		1,570948638863785E-001	1,570948638863785E-001
9		7,688827117970333E-002	7,688827117970322E-002
10		9,014067694144723E-002	9,014067694144734E-002
11		1,180388581041369E-001	1,180388581041367E-001
12		8,582946037009910E-002	8,582946037009898E-002
13		6,854496247297828E-002	6,854496247297821E-002
14		6,796944170442674E-002	6,796944170442669E-002
15		1,258096740725288E-001	1,258096740725284E-001
16		8,360461693906618E-002	8,360461693906623E-002
17		6,408913071352318E-002	6,408913071352317E-002
18		7,501070161716515E-002	7,501070161716510E-002
19		8,579783378590781E-002	8,579783378590800E-002
20		8,547081862240918E-002	8,547081862240959E-002
21		7,459330597095930E-002	7,459330597095928E-002
22		2,393855664357540E-001	2,393855664357529E-001
23		1,051308129255654E-001	1,051308129255654E-001
24		1,006507368119481E-001	1,006507368119481E-001
25		5,014789456438781E-002	5,014789456438783E-002
26		4,171478555916047E-002	4,171478555916044E-002
27		4,434191489308004E-002	4,434191489308010E-002
28		3,084894343901008E-002	3,084894343901020E-002
29		3,636953160751837E-002	3,636953160751841E-002
30		4,099873921515723E-002	4,099873921515719E-002
31		5,273744248615791E-002	5,273744248615785E-002
32		4,387822478050256E-002	4,387822478050263E-002
33		1,785704005026008E-001	1,785704005026003E-001
34		6,230960835129878E-002	6,230960835129890E-002
35		8,120112384002340E-002	8,120112384002280E-002
36		4,916153647521842E-002	4,916153647521872E-002
37		4,190705119240379E-002	4,190705119240396E-002
38		2,174055788304616E-002	2,174055788304623E-002
39		1,051314801469346E-001	1,051314801469355E-001
40		1,731647584438635E-002	1,731647584438637E-002
41		1,343246499784625E-002	1,343246499784620E-002
42		1,882924914631812E-002	1,882924914631811E-002
43		1,717397955824587E-002	1,717397955824588E-002
44		1,720103831100381E-002	1,720103831100380E-002
45		1,691397678229398E-002	1,691397678229408E-002
46		4,293825165104773E-002	4,293825165104750E-002
47		8,575270603667569E-002	8,575270603667605E-002
48		1,130429288174879E-001	1,130429288174875E-001
49		6,165285200732092E-002	6,165285200732110E-002
50		5,208273387580154E-002	5,208273387580149E-002
51		4,138718827412347E-002	4,138718827412338E-002
52		4,458303861505799E-002	4,458303861505800E-002
53		4,013117542203400E-002	4,013117542203386E-002
54		9,164993463917762E-002	9,164993463917766E-002
55		5,489946207202543E-002	5,489946207202519E-002
56		7,539555060979058E-002	7,539555060979072E-002
57		2,391157291034085E-002	2,391157291034089E-002
58		1,620938658479062E-002	1,620938658479058E-002
59		2,211152829377294E-002	2,211152829377297E-002
60		2,021017141941489E-002	2,021017141941497E-002
61		1,747239567058862E-002	1,747239567058860E-002
62		2,485519864040880E-002	2,485519864040885E-002
63		1,482783240739481E-002	1,482783240739481E-002
64		1,534754058733798E-002	1,534754058733798E-002
65		1,754023282595831E-002	1,754023282595834E-002
66		3,179503657192002E-002	3,179503657192004E-002
67		1,465468117743523E-002	1,465468117743522E-002
68		1,251270208839289E-002	1,251270208839287E-002
69		1,157319769459931E-002	1,157319769459930E-002
70		1,493809490744496E-002	1,493809490744496E-002
71		1,323309887679951E-002	1,323309887679953E-002
72		1,530339442975894E-002	1,530339442975892E-002
73		1,348190188268252E-002	1,348190188268252E-002
74		1,211556438333958E-002	1,211556438333962E-002
75		1,081935127730434E-002	1,081935127730438E-002
76		9,650240066919018E-003	9,650240066919046E-003
77		9,931944602585160E-003	9,931944602585155E-003
78		1,064909284732510E-002	1,064909284732508E-002
79		1,045983018518576E-002	1,045983018518579E-002
80		1,119653005790229E-002	1,119653005790230E-002
81		1,426264151779752E-002	1,426264151779751E-002
82		2,097803237005563E-002	2,097803237005562E-002
83		4,000247919104784E-002	4,000247919104784E-002
84		4,804204880784280E-002	4,804204880784285E-002
85		1,328379729093315E-002	1,328379729093316E-002
86		1,033057196088526E-002	1,033057196088526E-002
87		9,804021703585731E-003	9,804021703585721E-003
88		1,308204465734330E-002	1,308204465734330E-002
89		1,018146845521866E-002	1,018146845521866E-002
90		1,069190618191770E-002	1,069190618191769E-002
91		1,130902558787092E-002	1,130902558787091E-002
92		8,700724175840509E-003	8,700724175840526E-003
93		9,093413938192806E-003	9,093413938192836E-003
94		1,573611599776472E-002	1,573611599776472E-002
95		6,232269992510935E-003	6,232269992510922E-003
96		5,635877960827916E-003	5,635877960827929E-003
97		5,545471490824403E-003	5,545471490824402E-003
98		2,013610395293047E-002	2,013610395293048E-002
99		7,847785762181812E-003	7,847785762181786E-003
100		7,900072830405627E-003	7,900072830405624E-003
101		8,771050318450801E-003	8,771050318450779E-003
102		7,627206595431399E-003	7,627206595431392E-003
103		7,818747039640479E-003	7,818747039640476E-003
104		7,668682717842772E-003	7,668682717842761E-003
105		4,516777962326687E-003	4,516777962326668E-003
106		5,479483705864265E-003	5,479483705864258E-003
107		5,341687918237756E-003	5,341687918237756E-003
108		1,145263383797011E-002	1,145263383797010E-002
109		9,329747958239530E-003	9,329747958239529E-003
110		5,954014441293476E-003	5,954014441293494E-003
111		5,082399429159732E-003	5,082399429159735E-003
112		6,431215164415664E-003	6,431215164415652E-003
113		6,887116498000698E-003	6,887116498000704E-003
114		7,807162009923031E-003	7,807162009922998E-003
115		5,934470529816267E-003	5,934470529816248E-003
116		7,351264256386918E-003	7,351264256386918E-003
117		1,339692745014447E-002	1,339692745014450E-002
118		1,135585406306580E-002	1,135585406306580E-002
119		1,284796202398079E-002	1,284796202398078E-002
120		1,231963554943120E-002	1,231963554943118E-002
121		1,128586528356155E-002	1,128586528356155E-002
122		1,168950217572205E-002	1,168950217572208E-002
123		8,561367727227041E-003	8,561367727227046E-003
124		9,310893280468632E-003	9,310893280468637E-003
125		7,650812447798507E-003	7,650812447798503E-003
126		8,478633741923021E-003	8,478633741923043E-003
127		9,659346281773281E-003	9,659346281773278E-003
128		8,429796075158761E-003	8,429796075158761E-003
129		7,646682337655849E-003	7,646682337655849E-003
130		7,515957739120179E-003	7,515957739120140E-003
131		8,569574709251850E-003	8,569574709251888E-003
132		1,064270525102065E-002	1,064270525102065E-002
133		1,065954404831665E-002	1,065954404831663E-002
134		1,164067496931628E-002	1,164067496931626E-002
135		1,106372541890034E-002	1,106372541890033E-002
136		8,295161977431293E-003	8,295161977431287E-003
137		1,117807666707123E-002	1,117807666707121E-002
138		1,506617095256601E-002	1,506617095256598E-002
139		1,025225198189121E-002	1,025225198189120E-002
140		1,106711495074088E-002	1,106711495074089E-002
141		8,246961399339385E-003	8,246961399339394E-003
142		7,534750595867409E-003	7,534750595867401E-003
143		4,117429652110773E-003	4,117429652110774E-003
144		4,027924039310925E-003	4,027924039310924E-003
145		4,933393388541212E-003	4,933393388541198E-003
146		4,177135800405367E-003	4,177135800405364E-003
147		7,225054718721992E-003	7,225054718721974E-003
148		3,065066460977082E-003	3,065066460977081E-003
149		8,264644158820856E-003	8,264644158820816E-003
150		2,112805736803316E-003	2,112805736803313E-003
151		2,090441216262805E-003	2,090441216262805E-003
152		2,271939029894392E-003	2,271939029894393E-003
153		2,619399869769485E-003	2,619399869769484E-003
154		2,221021608811970E-003	2,221021608811968E-003
155		2,196226260729987E-003	2,196226260729987E-003
156		2,434200084954185E-003	2,434200084954190E-003
157		2,556857935114019E-003	2,556857935114016E-003
158		5,725718969489555E-003	5,725718969489548E-003
159		2,549218399876819E-003	2,549218399876821E-003
160		3,527883983774656E-003	3,527883983774661E-003
161		1,130992310440576E-002	1,130992310440574E-002
162		3,658745658984378E-003	3,658745658984375E-003
163		3,146408670061607E-003	3,146408670061611E-003
164		2,940238462969305E-003	2,940238462969289E-003
165		3,434582532261977E-003	3,434582532261978E-003
166		3,113911189884178E-003	3,113911189884173E-003
167		3,016876640628375E-003	3,016876640628368E-003
168		1,539807265770598E-003	1,539807265770600E-003
169		1,439760558020446E-003	1,439760558020446E-003
170		1,434554277122745E-003	1,434554277122742E-003
171		3,791439417064893E-003	3,791439417064894E-003
172		2,276205026335363E-003	2,276205026335356E-003
173		2,539969547602617E-003	2,539969547602616E-003
174		6,455512830468053E-003	6,455512830468050E-003
175		1,522719317788369E-003	1,522719317788366E-003
176		7,138856965387605E-003	7,138856965387595E-003
177		4,049559555362052E-003	4,049559555362054E-003
178		1,140051941234708E-003	1,140051941234708E-003
179		2,092012259845275E-003	2,092012259845277E-003
180		1,125705793370561E-003	1,125705793370558E-003
181		1,013256252944869E-003	1,013256252944872E-003
182		1,431344339593015E-003	1,431344339593016E-003
183		1,013461540687118E-003	1,013461540687119E-003
184		9,785547271280303E-004	9,785547271280298E-004
185		1,079521786373192E-003	1,079521786373193E-003
186		1,077132553652861E-003	1,077132553652865E-003
187		1,063925092976945E-003	1,063925092976945E-003
188		1,198680202800445E-003	1,198680202800447E-003
189		1,109407921598808E-003	1,109407921598808E-003
190		2,842650358631142E-003	2,842650358631145E-003
191		1,199868201853909E-003	1,199868201853909E-003
192		1,183730955992049E-003	1,183730955992051E-003
193		9,828844552094221E-004	9,828844552094208E-004
194		1,005362732895888E-003	1,005362732895888E-003
195		1,029364723771031E-003	1,029364723771031E-003
196		1,417781413256451E-003	1,417781413256449E-003
197		7,907012996087081E-004	7,907012996087071E-004
198		7,604972898930406E-004	7,604972898930416E-004
199		8,112791392457892E-004	8,112791392457889E-004
200		8,846501506764933E-004	8,846501506764916E-004
201		7,562797873058533E-004	7,562797873058528E-004
202		6,986258266449296E-004	6,986258266449292E-004
203		6,690843320815766E-004	6,690843320815760E-004
204		6,583787698604502E-004	6,583787698604487E-004
205		6,707989630519558E-004	6,707989630519533E-004
206		6,968443082126261E-004	6,968443082126291E-004
207		9,816997398280872E-004	9,816997398280848E-004
208		9,436315676356279E-004	9,436315676356296E-004
209		2,782587870911854E-003	2,782587870911857E-003
210		8,278402332343987E-004	8,278402332344012E-004
211		9,476611735992428E-004	9,476611735992406E-004
212		1,605723510558388E-003	1,605723510558387E-003
213		2,622728952581944E-003	2,622728952581942E-003
214		4,644759616853790E-003	4,644759616853799E-003
215		4,416799783326282E-003	4,416799783326306E-003
216		3,130844615401083E-003	3,130844615401079E-003
217		2,099611125587136E-003	2,099611125587134E-003
218		1,701189630781825E-003	1,701189630781830E-003
219		1,730922413485662E-003	1,730922413485665E-003
220		1,774189543633467E-003	1,774189543633468E-003
221		2,176407070715734E-003	2,176407070715728E-003
222		1,963627958479797E-003	1,963627958479796E-003
223		2,183131777347240E-003	2,183131777347241E-003
224		4,330751452420213E-003	4,330751452420210E-003
225		1,925194259385473E-003	1,925194259385467E-003
226		1,770884795300527E-003	1,770884795300520E-003
227		1,891403255325435E-003	1,891403255325436E-003
228		9,232826306135082E-003	9,232826306135054E-003
229		1,854066012825086E-003	1,854066012825089E-003
230		1,743299267636863E-003	1,743299267636868E-003
231		1,862838946281244E-003	1,862838946281244E-003
232		2,104358126992661E-003	2,104358126992659E-003
233		1,886890796234553E-003	1,886890796234551E-003
234		1,920061587758804E-003	1,920061587758799E-003
235		2,196162384820481E-003	2,196162384820480E-003
236		2,534460870995928E-003	2,534460870995933E-003
237		1,668216460619324E-003	1,668216460619323E-003
238		6,058686997996733E-003	6,058686997996733E-003
239		1,604443840579943E-003	1,604443840579940E-003
240		1,523975419334433E-003	1,523975419334431E-003
241		2,580249608657595E-003	2,580249608657597E-003
242		1,388532897302861E-003	1,388532897302859E-003
243		1,401835453762544E-003	1,401835453762543E-003
244		1,681577344529286E-003	1,681577344529290E-003
245		1,552622609516243E-003	1,552622609516245E-003
246		2,124134182377629E-003	2,124134182377627E-003
247		4,687651292883761E-004	4,687651292883750E-004
248		5,517724309250518E-004	5,517724309250527E-004
249		4,005888299682439E-004	4,005888299682443E-004
250		3,894474289789178E-004	3,894474289789176E-004
251		3,808182296743392E-004	3,808182296743387E-004
252		3,896740961980240E-004	3,896740961980242E-004
253		4,257200306816885E-004	4,257200306816895E-004
254		7,211654912766643E-004	7,211654912766646E-004
255		4,347455104307687E-004	4,347455104307692E-004
256		4,783044508723208E-004	4,783044508723207E-004
257		1,119255985378274E-003	1,119255985378274E-003
258		6,120007119429921E-004	6,120007119429920E-004
259		7,034026923113541E-004	7,034026923113552E-004
260		5,023699663436460E-004	5,023699663436469E-004
261		3,566572263663060E-004	3,566572263663059E-004
262		3,687561839331105E-004	3,687561839331104E-004
263		4,794941689991401E-004	4,794941689991401E-004
264		4,786267827709687E-004	4,786267827709707E-004
265		3,778788411965414E-004	3,778788411965416E-004
266		4,154631328982619E-004	4,154631328982619E-004
267		7,757432376522231E-004	7,757432376522224E-004
268		6,698562694791026E-004	6,698562694791012E-004
269		3,858141850744882E-004	3,858141850744876E-004
270		4,637147093072481E-004	4,637147093072486E-004
271		3,725127855500896E-004	3,725127855500894E-004
272		3,150336968997334E-004	3,150336968997329E-004
273		3,079011784220095E-004	3,079011784220093E-004
274		3,786012823915933E-004	3,786012823915933E-004
275		3,340964822117942E-004	3,340964822117927E-004
276		3,505406840955356E-004	3,505406840955343E-004
277		3,717410087329143E-004	3,717410087329142E-004
278		3,657435602673595E-004	3,657435602673605E-004
279		9,354627773258478E-004	9,354627773258473E-004
280		1,850293179854494E-003	1,850293179854493E-003
281		5,896987238631991E-004	5,896987238631983E-004
282		5,263641461573531E-004	5,263641461573517E-004
283		5,497994947273710E-004	5,497994947273703E-004
284		6,679315172671268E-004	6,679315172671269E-004
285		6,468568507009242E-004	6,468568507009239E-004
286		4,291256200698348E-003	4,291256200698348E-003
287		1,933515064365091E-003	1,933515064365091E-003
288		9,910326230511781E-004	9,910326230511781E-004
289		5,174660232962074E-004	5,174660232962080E-004
290		5,775509623166490E-004	5,775509623166478E-004
291		6,396545335359950E-004	6,396545335359939E-004
292		1,376459919350055E-003	1,376459919350054E-003
293		8,847962242009702E-004	8,847962242009684E-004
294		7,810425955608298E-004	7,810425955608302E-004
295		1,439376695010590E-003	1,439376695010590E-003
296		7,708323553972909E-004	7,708323553972920E-004
297		1,640546282856672E-003	1,640546282856671E-003
298		8,439575616604999E-004	8,439575616605021E-004
299		9,134117901270048E-004	9,134117901270031E-004
300		1,098728879155788E-003	1,098728879155790E-003
301		1,453164214595031E-003	1,453164214595029E-003
302		1,287714933236710E-003	1,287714933236704E-003
303		1,490566366658543E-003	1,490566366658541E-003
304		1,479974389111746E-003	1,479974389111752E-003
305		1,302544464314475E-003	1,302544464314475E-003
306		9,361716809853549E-004	9,361716809853557E-004
307		1,009498570780921E-003	1,009498570780926E-003
308		1,654825911544500E-003	1,654825911544500E-003
309		1,053826238721944E-003	1,053826238721947E-003
310		1,201469527673639E-003	1,201469527673638E-003
311		1,685485473794454E-003	1,685485473794453E-003
312		7,930463132795591E-004	7,930463132795596E-004
313		7,777234280112968E-004	7,777234280112944E-004
314		2,236930283319025E-003	2,236930283319031E-003
315		3,384605597808955E-003	3,384605597808927E-003
316		2,401584860278009E-003	2,401584860278002E-003
317		2,155344968685477E-003	2,155344968685479E-003
318		9,900057528214013E-004	9,900057528213976E-004
319		1,127660509056594E-003	1,127660509056593E-003
320		1,368462201435331E-003	1,368462201435328E-003
321		1,148699092549757E-003	1,148699092549758E-003
322		7,404541148274884E-004	7,404541148274895E-004
323		8,438935532810342E-004	8,438935532810353E-004
324		6,810856026093249E-004	6,810856026093241E-004
325		6,531426643498222E-004	6,531426643498239E-004
326		7,237544957934655E-004	7,237544957934643E-004
327		6,622281017672268E-004	6,622281017672264E-004
328		6,633724254254523E-004	6,633724254254519E-004
329		6,809764168508667E-004	6,809764168508672E-004
330		6,801181837361834E-004	6,801181837361829E-004
331		6,626087006547169E-004	6,626087006547169E-004
332		6,670799396323039E-004	6,670799396323017E-004
333		6,842971339238955E-004	6,842971339238963E-004
334		7,099366379304847E-004	7,099366379304837E-004
335		7,022627223970708E-004	7,022627223970699E-004
336		6,922866118099574E-004	6,922866118099600E-004
337		6,948917331083927E-004	6,948917331083935E-004
338		7,037933468264471E-004	7,037933468264467E-004
339		7,446837424445932E-004	7,446837424445937E-004
340		7,928684918101726E-004	7,928684918101737E-004
341		8,515698975488629E-004	8,515698975488604E-004
342		9,633472199936163E-004	9,633472199936181E-004
343		7,996658295156847E-004	7,996658295156873E-004
344		7,739594437173672E-004	7,739594437173658E-004
345		7,711994964934270E-004	7,711994964934274E-004
346		8,437340514048061E-004	8,437340514048048E-004
347		7,938201540167783E-004	7,938201540167783E-004
348		7,734808927814518E-004	7,734808927814510E-004
349		8,998694501824848E-004	8,998694501824862E-004
350		8,569026414492388E-004	8,569026414492388E-004
351		8,318336941311352E-004	8,318336941311328E-004
352		2,867068783025215E-003	2,867068783025213E-003
353		2,559496657172851E-003	2,559496657172863E-003
354		9,670441547236145E-004	9,670441547236150E-004
355		1,309987370880984E-003	1,309987370880984E-003
356		7,979918551291000E-004	7,979918551290989E-004
357		7,022142385608605E-004	7,022142385608605E-004
358		8,784240874517471E-004	8,784240874517473E-004
359		8,705001266962730E-004	8,705001266962734E-004
360		3,230647910762752E-003	3,230647910762760E-003
361		9,674723947511344E-004	9,674723947511304E-004
362		1,106978166650287E-003	1,106978166650287E-003
363		8,182651051057052E-004	8,182651051057059E-004
364		1,660093790432637E-003	1,660093790432637E-003
365		1,069723918091453E-003	1,069723918091454E-003
366		6,793702168871752E-004	6,793702168871748E-004
367		2,520041014776155E-003	2,520041014776152E-003
368		6,473403009050973E-004	6,473403009050988E-004
369		1,358401455815461E-003	1,358401455815467E-003
370		9,169569864583402E-004	9,169569864583412E-004
371		9,917867929587676E-004	9,917867929587698E-004
372		7,158623185224750E-004	7,158623185224742E-004
373		7,229140473483154E-004	7,229140473483158E-004
374		7,728677571767710E-004	7,728677571767717E-004
375		5,551821793646320E-004	5,551821793646319E-004
376		5,159738988909817E-004	5,159738988909827E-004
377		5,337039624524722E-004	5,337039624524714E-004
378		5,336290238067416E-004	5,336290238067416E-004
379		5,070339217069741E-004	5,070339217069725E-004
380		4,835908451280163E-004	4,835908451280166E-004
381		5,865722044738332E-004	5,865722044738335E-004
382		5,192834063071620E-004	5,192834063071609E-004
383		9,368603093750597E-004	9,368603093750589E-004
384		4,630312137723511E-004	4,630312137723523E-004
385		4,321166358820072E-004	4,321166358820076E-004
386		4,086241514410014E-004	4,086241514410012E-004
387		4,309792601340829E-004	4,309792601340830E-004
388		4,102532650861567E-004	4,102532650861570E-004
389		4,192062807757563E-004	4,192062807757554E-004
390		4,321993203126425E-004	4,321993203126430E-004
391		5,451459422765820E-004	5,451459422765793E-004
392		9,228799190314921E-004	9,228799190314915E-004
393		7,156673008089131E-004	7,156673008089113E-004
394		1,152324963441339E-003	1,152324963441340E-003
395		1,013058146780307E-003	1,013058146780306E-003
396		1,205818723349542E-003	1,205818723349545E-003
397		1,022226653354415E-003	1,022226653354409E-003
398		1,783733602985379E-003	1,783733602985388E-003
399		1,851049207045552E-003	1,851049207045552E-003
400		1,897315679166941E-003	1,897315679166942E-003
401		1,499134979225498E-003	1,499134979225499E-003
402		9,740573886382847E-004	9,740573886382873E-004
403		7,295571691579401E-004	7,295571691579394E-004
404		6,323872630157282E-004	6,323872630157333E-004
405		7,037684151222455E-004	7,037684151222459E-004
406		6,347760955678649E-004	6,347760955678688E-004
407		5,765829936230669E-004	5,765829936230665E-004
408		6,050835987217132E-004	6,050835987217132E-004
409		6,379532257081021E-004	6,379532257081007E-004
410		5,654817017984958E-004	5,654817017985001E-004
411		5,710698597428921E-004	5,710698597428928E-004
412		5,531440919834241E-004	5,531440919834251E-004
413		5,784792258024058E-004	5,784792258024050E-004
414		5,788733232990885E-004	5,788733232990883E-004
415		6,762617896911274E-004	6,762617896911313E-004
416		7,208160029270053E-004	7,208160029270047E-004
417		7,086213793555742E-004	7,086213793555724E-004
418		6,225836431669315E-004	6,225836431669324E-004
419		6,045727115615079E-004	6,045727115615077E-004
420		8,086209787281095E-004	8,086209787281130E-004
421		5,542910698385874E-004	5,542910698385869E-004
422		5,634034818111914E-004	5,634034818111903E-004
423		6,417088045891311E-004	6,417088045891315E-004
424		6,561716762730428E-004	6,561716762730415E-004
425		7,121778894367198E-004	7,121778894367198E-004
426		7,283384896265206E-004	7,283384896265181E-004
427		5,898675114207279E-004	5,898675114207281E-004
428		4,213951280268229E-004	4,213951280268227E-004
429		3,428066580879616E-004	3,428066580879616E-004
430		2,619683742587332E-004	2,619683742587328E-004
431		1,001112440899556E-003	1,001112440899553E-003
432		2,061915096238681E-004	2,061915096238682E-004
433		1,812826252047368E-004	1,812826252047371E-004
434		1,989192770176177E-004	1,989192770176175E-004
435		2,031212906045467E-004	2,031212906045468E-004
436		1,829985441482848E-004	1,829985441482847E-004
437		1,856038641786659E-004	1,856038641786649E-004
438		1,906664590459005E-004	1,906664590459003E-004
439		1,746554381265983E-004	1,746554381265982E-004
440		1,851722354710932E-004	1,851722354710928E-004
441		1,808469318243818E-004	1,808469318243821E-004
442		1,511051760736122E-004	1,511051760736124E-004
443		1,552727835505215E-004	1,552727835505216E-004
444		1,405592362296834E-004	1,405592362296832E-004
445		2,522913668835364E-004	2,522913668835358E-004
446		1,437993239007179E-004	1,437993239007179E-004
447		1,420358005474214E-004	1,420358005474213E-004
448		2,061563422684265E-004	2,061563422684262E-004
449		1,435267492295556E-004	1,435267492295556E-004
450		1,759287754495299E-004	1,759287754495298E-004
451		1,798278541658636E-004	1,798278541658635E-004
452		1,456889929794467E-004	1,456889929794471E-004
453		1,876616563073677E-004	1,876616563073679E-004
454		2,031087355834173E-004	2,031087355834164E-004
455		1,643977191826632E-004	1,643977191826630E-004
456		1,482274174392327E-004	1,482274174392327E-004
457		1,356278474986312E-004	1,356278474986311E-004
458		1,767363333400893E-004	1,767363333400888E-004
459		2,469275775490760E-004	2,469275775490758E-004
460		2,781831332420626E-004	2,781831332420622E-004
461		5,245650654490788E-004	5,245650654490771E-004
462		7,845059199914515E-004	7,845059199914539E-004
463		8,423433437680471E-004	8,423433437680455E-004
464		1,938862899623601E-004	1,938862899623608E-004
465		2,461657773637493E-004	2,461657773637490E-004
466		2,779578919048508E-004	2,779578919048508E-004
467		4,061772317814015E-004	4,061772317814004E-004
468		3,536463679169472E-004	3,536463679169472E-004
469		2,980915572928099E-004	2,980915572928110E-004
470		3,776493597585851E-004	3,776493597585850E-004
471		1,143116664768884E-003	1,143116664768882E-003
472		3,711756467317136E-004	3,711756467317145E-004
473		2,206440839035025E-004	2,206440839035024E-004
474		2,216047711298428E-004	2,216047711298428E-004
475		3,155002083253726E-004	3,155002083253720E-004
476		3,309006856907464E-004	3,309006856907467E-004
477		2,728463071617449E-004	2,728463071617445E-004
478		3,332033379863331E-004	3,332033379863332E-004
479		2,002277886354865E-003	2,002277886354865E-003
480		3,683063821765740E-004	3,683063821765737E-004
481		3,433771374453662E-004	3,433771374453660E-004
482		3,761207967294711E-004	3,761207967294711E-004
483		3,674969113507634E-004	3,674969113507639E-004
484		3,314483452110066E-004	3,314483452110069E-004
485		4,162819258066976E-004	4,162819258066977E-004
486		4,534894571083108E-004	4,534894571083106E-004
487		5,311340255313758E-004	5,311340255313749E-004
488		5,162008038374691E-004	5,162008038374696E-004
489		5,196803980098175E-004	5,196803980098186E-004
490		5,970313711439152E-004	5,970313711439158E-004
491		5,787618076537977E-004	5,787618076537978E-004
492		5,469292811022043E-004	5,469292811022060E-004
493		6,071401340251056E-004	6,071401340251063E-004
494		9,331659028338902E-004	9,331659028338880E-004
495		9,642499651388471E-004	9,642499651388501E-004
496		6,266308771215619E-004	6,266308771215615E-004
497		7,784545087402775E-004	7,784545087402752E-004
498		4,802504951696366E-003	4,802504951696353E-003
499		1,972542452763226E-002	1,972542452763225E-002
500		1,987079235098572E-003	1,987079235098579E-003
501		1,118374451584106E-003	1,118374451584107E-003
502		8,505139706746850E-004	8,505139706746830E-004
503		1,249362417423961E-003	1,249362417423964E-003
504		5,224056692979778E-003	5,224056692979788E-003
505		7,173556143249467E-004	7,173556143249462E-004
506		6,981612229344058E-004	6,981612229344045E-004
507		6,577680948219163E-004	6,577680948219154E-004
508		6,364715930185059E-004	6,364715930185056E-004
509		6,219061613486209E-004	6,219061613486213E-004
510		6,356465516848304E-004	6,356465516848305E-004
511		6,252902550412837E-004	6,252902550412836E-004
512		6,145638765960290E-004	6,145638765960296E-004
513		6,258253185101310E-004	6,258253185101302E-004
514		6,823907093503537E-004	6,823907093503538E-004
515		5,814370378550901E-004	5,814370378550881E-004
516		6,022246676447920E-004	6,022246676447929E-004
517		6,079735638846017E-004	6,079735638846012E-004
518		5,745393602321259E-004	5,745393602321261E-004
519		6,644545284296774E-004	6,644545284296764E-004
520		4,805467795647189E-004	4,805467795647193E-004
521		3,886935057787466E-004	3,886935057787452E-004
522		3,821019407358724E-004	3,821019407358728E-004
523		4,140654252853852E-004	4,140654252853851E-004
524		4,713070766741483E-004	4,713070766741472E-004
525		4,642585273068163E-004	4,642585273068187E-004
526		4,876213352568103E-004	4,876213352568101E-004
527		5,275415918261478E-004	5,275415918261485E-004
528		2,182968297055435E-003	2,182968297055438E-003
529		7,223509954191799E-004	7,223509954191795E-004
530		5,966524054670347E-004	5,966524054670340E-004
531		4,008228736700432E-004	4,008228736700441E-004
532		8,583219369466097E-004	8,583219369466092E-004
533		2,909912479313789E-004	2,909912479313788E-004
534		2,767443926034810E-004	2,767443926034813E-004
535		2,791789669273464E-004	2,791789669273460E-004
536		2,904323987270635E-004	2,904323987270639E-004
537		3,024639891762135E-004	3,024639891762125E-004
538		3,033122498113405E-004	3,033122498113400E-004
539		3,148011933842896E-004	3,148011933842895E-004
540		6,794597782374136E-004	6,794597782374128E-004
541		5,978410569877174E-004	5,978410569877165E-004
542		2,950482677912370E-004	2,950482677912366E-004
543		2,903336712956411E-004	2,903336712956417E-004
544		2,798688825661312E-004	2,798688825661312E-004
545		2,279424180629522E-004	2,279424180629522E-004
546		2,337350665848246E-004	2,337350665848245E-004
547		2,479769223557249E-004	2,479769223557249E-004
548		3,387327665133928E-004	3,387327665133924E-004
549		2,569212517260515E-004	2,569212517260522E-004
550		2,198782834252038E-004	2,198782834252036E-004
551		2,997663740246316E-004	2,997663740246307E-004
552		1,646493567217058E-004	1,646493567217054E-004
553		1,655741490286512E-004	1,655741490286511E-004
554		1,710613992149900E-004	1,710613992149901E-004
555		1,663835656976487E-004	1,663835656976483E-004
556		2,054601454289667E-004	2,054601454289665E-004
557		1,486290496159771E-004	1,486290496159771E-004
558		2,309339717847065E-004	2,309339717847063E-004
559		1,497922296888167E-004	1,497922296888166E-004
560		1,357732292906156E-004	1,357732292906157E-004
561		1,360139572124654E-004	1,360139572124656E-004
562		1,719890421008564E-004	1,719890421008563E-004
563		2,493295634407464E-004	2,493295634407465E-004
564		1,424679472258969E-004	1,424679472258968E-004
565		1,565948374853217E-004	1,565948374853221E-004
566		2,264751876565566E-004	2,264751876565560E-004
567		1,785993690032192E-004	1,785993690032195E-004
568		1,901668922665568E-004	1,901668922665569E-004
569		1,833673064652783E-004	1,833673064652786E-004
570		1,824268771279303E-004	1,824268771279309E-004
571		2,774927525569622E-004	2,774927525569618E-004
572		1,766580276136799E-004	1,766580276136797E-004
573		1,725468516620508E-004	1,725468516620513E-004
574		2,165677881185537E-004	2,165677881185538E-004
575		1,757361201302359E-004	1,757361201302354E-004
576		1,837904125327144E-004	1,837904125327147E-004
577		1,124654757431928E-004	1,124654757431929E-004
578		1,324688197801035E-004	1,324688197801036E-004
579		1,258606819885693E-004	1,258606819885693E-004
580		1,385494290928172E-004	1,385494290928172E-004
581		4,859474963796358E-004	4,859474963796371E-004
582		6,159766962884714E-004	6,159766962884719E-004
583		4,583342563981185E-004	4,583342563981156E-004
584		3,326840725339750E-004	3,326840725339750E-004
585		1,698008743937658E-004	1,698008743937658E-004
586		9,840290027673032E-005	9,840290027673039E-005
587		9,697356971374128E-005	9,697356971374106E-005
588		1,594202535881172E-004	1,594202535881171E-004
589		1,164509355932178E-004	1,164509355932180E-004
590		7,255979560995401E-005	7,255979560995393E-005
591		6,256749626457532E-005	6,256749626457534E-005
592		5,997631785776517E-005	5,997631785776510E-005
593		6,082800376074967E-005	6,082800376074962E-005
594		5,987682990966996E-005	5,987682990966997E-005
595		6,558409892762964E-005	6,558409892762961E-005
596		7,006822208398497E-005	7,006822208398500E-005
597		6,225022739920260E-005	6,225022739920254E-005
598		6,002314217478881E-005	6,002314217478880E-005
599		7,314119618307893E-005	7,314119618307891E-005
600		6,031490409749811E-005	6,031490409749819E-005
601		6,000103092074111E-005	6,000103092074112E-005
602		5,869819449501433E-005	5,869819449501437E-005
603		5,889532317648605E-005	5,889532317648592E-005
604		6,762926900094294E-005	6,762926900094293E-005
605		7,795826734957212E-005	7,795826734957206E-005
606		1,164008878485611E-004	1,164008878485611E-004
607		9,484020493596229E-005	9,484020493596244E-005
608		5,373097832293054E-005	5,373097832293053E-005
609		1,271900815702205E-004	1,271900815702207E-004
610		3,797252964652420E-005	3,797252964652429E-005
611		3,598388056798481E-005	3,598388056798476E-005
612		3,751736022449451E-005	3,751736022449455E-005
613		4,406115627478634E-005	4,406115627478629E-005
614		4,202080765621922E-005	4,202080765621914E-005
615		3,148213535324702E-005	3,148213535324706E-005
616		2,899600765237389E-005	2,899600765237398E-005
617		2,841869684778313E-005	2,841869684778317E-005
618		4,987465063139189E-005	4,987465063139191E-005
619		3,170064885620033E-005	3,170064885620031E-005
620		2,974876736375029E-005	2,974876736375020E-005
621		3,193878258702064E-005	3,193878258702066E-005
622		2,588665037899798E-005	2,588665037899803E-005
623		2,668712008929895E-005	2,668712008929895E-005
624		7,290862032967374E-005	7,290862032967372E-005
625		2,609894978953844E-005	2,609894978953841E-005
626		2,452653909161118E-005	2,452653909161118E-005
627		2,379978663595904E-005	2,379978663595902E-005
628		2,294194806704072E-005	2,294194806704071E-005
629		2,424327608300087E-005	2,424327608300090E-005
630		2,510769852898939E-005	2,510769852898942E-005
631		7,680426015527657E-005	7,680426015527650E-005
632		5,760060127273566E-005	5,760060127273563E-005
633		5,128115469355338E-005	5,128115469355334E-005
634		2,128326101360678E-005	2,128326101360686E-005
635		2,144542193980448E-005	2,144542193980448E-005
636		2,213036105358639E-005	2,213036105358648E-005
637		2,264923191475104E-005	2,264923191475102E-005
638		2,138164032437967E-005	2,138164032437956E-005
639		2,106828515445584E-005	2,106828515445581E-005
640		2,114653126774210E-005	2,114653126774212E-005
641		2,084145440677177E-005	2,084145440677178E-005
642		2,129488820920646E-005	2,129488820920644E-005
643		2,220733419734033E-005	2,220733419734026E-005
644		2,234813377265322E-005	2,234813377265322E-005
645		2,190512789996550E-005	2,190512789996550E-005
646		2,227961878537224E-005	2,227961878537227E-005
647		2,409012929710898E-005	2,409012929710895E-005
648		2,372597605210663E-005	2,372597605210666E-005
649		2,375928070817226E-005	2,375928070817223E-005
650		2,498648800884194E-005	2,498648800884202E-005
651		2,585602998300155E-005	2,585602998300159E-005
652		2,464004615375675E-005	2,464004615375669E-005
653		2,507194263236514E-005	2,507194263236518E-005
654		2,464107605595558E-005	2,464107605595561E-005
655		2,491393604087781E-005	2,491393604087786E-005
656		2,752897511053626E-005	2,752897511053629E-005
657		3,289180403789999E-005	3,289180403789987E-005
658		2,420721694979624E-005	2,420721694979615E-005
659		2,508023080224154E-005	2,508023080224158E-005
660		2,464294209618907E-005	2,464294209618903E-005
661		2,884692321664202E-005	2,884692321664195E-005
662		2,447401410558064E-005	2,447401410558068E-005
663		2,534270622507039E-005	2,534270622507040E-005
664		2,679046049556626E-005	2,679046049556626E-005
665		2,644548017120808E-005	2,644548017120807E-005
666		2,717518602404449E-005	2,717518602404443E-005
667		3,609622578168129E-005	3,609622578168134E-005
668		3,384532044624671E-005	3,384532044624670E-005
669		3,435312565294505E-005	3,435312565294509E-005
670		3,175378118783847E-005	3,175378118783850E-005
671		9,143151806935124E-005	9,143151806935137E-005
672		2,651041563972874E-005	2,651041563972869E-005
673		2,752020435889259E-005	2,752020435889258E-005
674		2,818445147591764E-005	2,818445147591765E-005
675		2,934678327240842E-005	2,934678327240832E-005
676		2,667410252656037E-005	2,667410252656038E-005
677		2,812491026969007E-005	2,812491026969004E-005
678		3,896957357351040E-005	3,896957357351046E-005
679		8,314414312795242E-005	8,314414312795259E-005
680		8,128010464051544E-005	8,128010464051558E-005
681		1,271811085728819E-004	1,271811085728822E-004
682		1,867880740345021E-004	1,867880740345015E-004
683		2,250186166192080E-004	2,250186166192078E-004
684		2,741261130297224E-005	2,741261130297226E-005
685		2,703899833283754E-005	2,703899833283750E-005
686		2,491388561182679E-005	2,491388561182684E-005
687		2,510644734925180E-005	2,510644734925185E-005
688		2,433018964782138E-005	2,433018964782134E-005
689		2,648247488112180E-005	2,648247488112179E-005
690		3,949220815299126E-005	3,949220815299128E-005
691		3,401959242916180E-005	3,401959242916185E-005
692		5,010418659982339E-005	5,010418659982328E-005
693		2,617201643548681E-005	2,617201643548678E-005
694		4,794984986276377E-005	4,794984986276387E-005
695		3,921201076292244E-005	3,921201076292242E-005
696		1,696315393926923E-004	1,696315393926922E-004
697		1,281556903822530E-004	1,281556903822531E-004
698		1,194949030007212E-004	1,194949030007214E-004
699		7,183534291141594E-005	7,183534291141600E-005
700		7,995504283703245E-005	7,995504283703241E-005
701		7,471722289586750E-005	7,471722289586764E-005
702		6,484506510459119E-005	6,484506510459132E-005
703		5,828120207507694E-005	5,828120207507678E-005
704		1,386624492198540E-004	1,386624492198541E-004
705		1,858760602232138E-004	1,858760602232140E-004
706		1,153816909083782E-004	1,153816909083780E-004
707		5,425044848560911E-005	5,425044848560913E-005
708		4,458494895051411E-005	4,458494895051410E-005
709		3,545080285745934E-005	3,545080285745925E-005
710		6,554140892772399E-005	6,554140892772391E-005
711		3,708486857537782E-005	3,708486857537785E-005
712		2,285102965947932E-005	2,285102965947927E-005
713		2,757975498991124E-005	2,757975498991121E-005
714		2,002706172180424E-005	2,002706172180427E-005
715		1,879017446229408E-005	1,879017446229407E-005
716		2,394830596448553E-005	2,394830596448545E-005
717		2,821118171065576E-005	2,821118171065574E-005
718		2,542628121111925E-005	2,542628121111921E-005
719		3,025589447442570E-005	3,025589447442570E-005
720		1,843198375304213E-005	1,843198375304214E-005
721		1,939039674454313E-005	1,939039674454317E-005
722		2,001518949672892E-005	2,001518949672890E-005
723		2,224606387008967E-005	2,224606387008964E-005
724		7,127670516932061E-005	7,127670516932065E-005
725		1,664823380785288E-005	1,664823380785290E-005
726		1,706008228548703E-005	1,706008228548708E-005
727		1,715065604540142E-005	1,715065604540142E-005
728		1,520637134227769E-005	1,520637134227767E-005
729		1,800629134273424E-005	1,800629134273429E-005
730		1,786142809687518E-005	1,786142809687518E-005
731		1,792875641207596E-005	1,792875641207591E-005
732		1,865812562859042E-005	1,865812562859043E-005
733		2,040006194784728E-005	2,040006194784722E-005
734		1,950246052923935E-005	1,950246052923934E-005
735		1,949731617781440E-005	1,949731617781438E-005
736		1,949391987458790E-005	1,949391987458787E-005
737		1,954834432623473E-005	1,954834432623471E-005
738		2,070403110580134E-005	2,070403110580133E-005
739		1,747117724948325E-005	1,747117724948329E-005
740		1,756900910451622E-005	1,756900910451624E-005
741		1,687501207316149E-005	1,687501207316152E-005
742		1,623115429745988E-005	1,623115429745988E-005
743		1,522359411671325E-005	1,522359411671328E-005
744		1,398044365719324E-005	1,398044365719324E-005
745		1,523546268271622E-005	1,523546268271623E-005
746		1,668614519638874E-005	1,668614519638870E-005
747		1,695217035627959E-005	1,695217035627958E-005
748		1,925989403272855E-005	1,925989403272852E-005
749		1,607320079130501E-005	1,607320079130499E-005
750		1,390941098494569E-005	1,390941098494568E-005
751		1,757614329341458E-005	1,757614329341462E-005
752		1,694498488752554E-005	1,694498488752553E-005
753		1,583770191714332E-005	1,583770191714332E-005
754		2,377832759791274E-005	2,377832759791270E-005
755		1,215148031076785E-005	1,215148031076782E-005
756		9,881984439135884E-006	9,881984439135887E-006
End iteration: 757 		 ||f - Ax^j|| / ||r^0||: 9,881984439137719E-06
