Method: ComplexLocalOptimalScheme
SLAE Number: 2
Threads: 4
Smoothing: ResidualSmoothing
Total time: 41695 ms
Total iterations: 762

End iteration: 762 		 ||f - Ax^j|| / ||r^0||: 9,944419195456032E-06

Iteration	Residual		SmoothedResidual
---------	---------		---------------
1		7,790319740144097E-001	6,863535792829715E-001
2		2,649984956561606E-001	2,541506816258857E-001
3		2,681571545562365E-001	2,372107070129157E-001
4		2,011839538699156E-001	1,833779955900547E-001
5		1,737514592102583E-001	1,670635972145532E-001
6		2,721460214074964E-001	1,670635972145531E-001
7		1,496370096316814E-001	1,326123104938656E-001
8		1,570948638863758E-001	1,308159030745019E-001
9		7,688827117970512E-002	7,390224587064684E-002
10		9,014067694145089E-002	7,225127542844194E-002
11		1,180388581041421E-001	7,116384839272784E-002
12		8,582946037009753E-002	6,147388256210838E-002
13		6,854496247297730E-002	5,757186512824531E-002
14		6,796944170442576E-002	5,757148122907312E-002
15		1,258096740725304E-001	5,757148122907302E-002
16		8,360461693907133E-002	5,055924964549614E-002
17		6,408913071352079E-002	4,844322313489702E-002
18		7,501070161716411E-002	4,844322313489705E-002
19		8,579783378592241E-002	4,572699916806296E-002
20		8,547081862242394E-002	4,570760418610532E-002
21		7,459330597097649E-002	3,987982795364583E-002
22		2,393855664359135E-001	3,749773687026751E-002
23		1,051308129255752E-001	3,739683220569983E-002
24		1,006507368120626E-001	3,713897452736273E-002
25		5,014789456436979E-002	2,984168971154192E-002
26		4,171478555914788E-002	2,943960496730740E-002
27		4,434191489304512E-002	2,878476399223085E-002
28		3,084894343899390E-002	2,822192874192513E-002
29		3,636953160758106E-002	2,709834970401086E-002
30		4,099873921520729E-002	2,709834970401086E-002
31		5,273744248621179E-002	2,709834970401090E-002
32		4,387822478050996E-002	2,709834970401085E-002
33		1,785704005026395E-001	2,709834970401088E-002
34		6,230960835130570E-002	2,709834970401089E-002
35		8,120112384006357E-002	2,709834970401089E-002
36		4,916153647504296E-002	2,568912951418365E-002
37		4,190705119224083E-002	2,518946913828977E-002
38		2,174055788301276E-002	1,653051591591116E-002
39		1,051314801469934E-001	1,557529303096487E-002
40		1,731647584439243E-002	1,347999782312377E-002
41		1,343246499789309E-002	1,231314558106535E-002
42		1,882924914626059E-002	1,222567699073364E-002
43		1,717397955815668E-002	1,219397879985538E-002
44		1,720103831091375E-002	1,219397879985539E-002
45		1,691397678220351E-002	1,219397879985538E-002
46		4,293825165108629E-002	1,211883838204606E-002
47		8,575270603687185E-002	1,175492144646250E-002
48		1,130429288181343E-001	1,108653283055198E-002
49		6,165285200765180E-002	1,108653283055193E-002
50		5,208273387578283E-002	1,108653283055199E-002
51		4,138718827436197E-002	1,078780734226225E-002
52		4,458303861523789E-002	1,074097333082287E-002
53		4,013117542426924E-002	1,069431938836399E-002
54		9,164993464715225E-002	1,065518076214013E-002
55		5,489946207223578E-002	1,064449490155359E-002
56		7,539555061023560E-002	1,064449490155359E-002
57		2,391157291041782E-002	1,026564970413861E-002
58		1,620938658477419E-002	1,023735424370527E-002
59		2,211152829367021E-002	1,023735424370529E-002
60		2,021017141934327E-002	1,023267073150794E-002
61		1,747239567061227E-002	1,021216835102353E-002
62		2,485519864001055E-002	1,021216835102357E-002
63		1,482783240726965E-002	8,950733898189556E-003
64		1,534754058719441E-002	8,871794132523330E-003
65		1,754023282578339E-002	8,871794132523324E-003
66		3,179503657247045E-002	8,736973999925238E-003
67		1,465468117743247E-002	8,423547156748675E-003
68		1,251270208835168E-002	8,288166751390253E-003
69		1,157319769455610E-002	8,286356944652414E-003
70		1,493809490708117E-002	8,278002400529602E-003
71		1,323309887681989E-002	8,088843438141768E-003
72		1,530339442985697E-002	8,074822859654912E-003
73		1,348190188300972E-002	7,647452303397059E-003
74		1,211556438351503E-002	7,640187079507150E-003
75		1,081935127736883E-002	7,613799327536262E-003
76		9,650240066935298E-003	7,603281976676158E-003
77		9,931944602601318E-003	7,603281976676157E-003
78		1,064909284719741E-002	7,420365011613786E-003
79		1,045983018499550E-002	7,419665656879539E-003
80		1,119653005783382E-002	7,419665656879536E-003
81		1,426264151755828E-002	7,419665656879544E-003
82		2,097803236999634E-002	7,419665656879536E-003
83		4,000247919080700E-002	7,419665656879542E-003
84		4,804204880733305E-002	7,419665656879542E-003
85		1,328379729057689E-002	6,614528554312472E-003
86		1,033057196087616E-002	6,488059552719769E-003
87		9,804021703635221E-003	6,476786204889588E-003
88		1,308204465712072E-002	6,476786204889591E-003
89		1,018146845525584E-002	6,476786204889588E-003
90		1,069190618193123E-002	6,394026879414568E-003
91		1,130902558779900E-002	6,103160326715029E-003
92		8,700724175805981E-003	6,034789126038000E-003
93		9,093413938213923E-003	6,032843638415944E-003
94		1,573611599757948E-002	6,032843638415933E-003
95		6,232269992256237E-003	4,900621383812497E-003
96		5,635877960415200E-003	4,573445311203448E-003
97		5,545471490778586E-003	4,573445311203450E-003
98		2,013610394800902E-002	4,541670762530007E-003
99		7,847785762068434E-003	4,541670762530002E-003
100		7,900072823443008E-003	4,517231719898429E-003
101		8,771050310168348E-003	4,255161834038311E-003
102		7,627206591253387E-003	4,248960375277546E-003
103		7,818747037951646E-003	4,228817723356317E-003
104		7,668682716263260E-003	4,228817723356319E-003
105		4,516777962120483E-003	4,112043849472074E-003
106		5,479483696712888E-003	3,993658503448599E-003
107		5,341687894204737E-003	3,935134389618393E-003
108		1,145263382938167E-002	3,927434201292617E-003
109		9,329747955224102E-003	3,897206778259720E-003
110		5,954014440760916E-003	3,841372257767039E-003
111		5,082399429104223E-003	3,818377727179274E-003
112		6,431215169854527E-003	3,815483758357298E-003
113		6,887116505013216E-003	3,815483758357296E-003
114		7,807162016127824E-003	3,563394513290058E-003
115		5,934470530690043E-003	3,551162154300399E-003
116		7,351264265055298E-003	3,551162154300401E-003
117		1,339692779178402E-002	3,522518624932037E-003
118		1,135585407012809E-002	3,522518624932042E-003
119		1,284796230754415E-002	3,522518624932044E-003
120		1,231963584088891E-002	3,522518624932042E-003
121		1,128586540714673E-002	3,519709699359934E-003
122		1,168950258440821E-002	3,519135365925564E-003
123		8,561367736542397E-003	3,483895493236593E-003
124		9,310893297266708E-003	3,478827750357140E-003
125		7,650812448826830E-003	3,455081253862835E-003
126		8,478633756344769E-003	3,455081253862835E-003
127		9,659346293238173E-003	3,454881453706541E-003
128		8,429796074379374E-003	3,370268472668692E-003
129		7,646682319467491E-003	3,370268472668694E-003
130		7,515957733003985E-003	3,370268472668695E-003
131		8,569574688409087E-003	3,370268472668696E-003
132		1,064270515959322E-002	3,370268472668697E-003
133		1,065954405109511E-002	3,370268472668694E-003
134		1,164067498549391E-002	3,370268472668694E-003
135		1,106372542696920E-002	3,370268472668695E-003
136		8,295161978375364E-003	3,370268472668695E-003
137		1,117807669398986E-002	3,370268472668692E-003
138		1,506617116634850E-002	3,367519018881537E-003
139		1,025225200700250E-002	3,334834648350710E-003
140		1,106711494367710E-002	3,333946015048023E-003
141		8,246960742034430E-003	3,203297779798692E-003
142		7,534750276515446E-003	3,134414142311563E-003
143		4,117429633071477E-003	2,910222441388750E-003
144		4,027923853799912E-003	2,908784279306912E-003
145		4,933393249740300E-003	2,843745981756862E-003
146		4,177135774379377E-003	2,827279043054691E-003
147		7,225054374224914E-003	2,537675488043446E-003
148		3,065066465221565E-003	2,313847308560202E-003
149		8,264644102162631E-003	2,313847308560203E-003
150		2,112805735867086E-003	2,058988463298861E-003
151		2,090441204287855E-003	2,025722461176510E-003
152		2,271938974496921E-003	2,025722461176511E-003
153		2,619399857210586E-003	2,025722461176519E-003
154		2,221021516934834E-003	2,025722461176511E-003
155		2,196226194907212E-003	2,023614951213982E-003
156		2,434200066289068E-003	2,023614951213983E-003
157		2,556858290636354E-003	2,023245467730235E-003
158		5,725723144248819E-003	1,989078655735489E-003
159		2,549218515532169E-003	1,975164462196092E-003
160		3,527884345940016E-003	1,972071492098106E-003
161		1,130992365649506E-002	1,972071492098107E-003
162		3,658746532626550E-003	1,939268356815553E-003
163		3,146409356498018E-003	1,932788683634604E-003
164		2,940238959453105E-003	1,898907113833063E-003
165		3,434582745468958E-003	1,898907113833063E-003
166		3,113911056982577E-003	1,898907113833063E-003
167		3,016876104109435E-003	1,868300172787296E-003
168		1,539807284659601E-003	1,517103517065785E-003
169		1,439760402387253E-003	1,436197567662225E-003
170		1,434553847771619E-003	1,416442869216047E-003
171		3,791425318870614E-003	1,416442869216047E-003
172		2,276204909292589E-003	1,416442869216047E-003
173		2,539968998175944E-003	1,416442869216047E-003
174		6,455497839876508E-003	1,376585508496079E-003
175		1,522719271409941E-003	1,271033283486904E-003
176		7,138856847839884E-003	1,271033283486905E-003
177		4,049573005632696E-003	1,271033283486905E-003
178		1,140052501477071E-003	1,124544905291578E-003
179		2,092037826588520E-003	1,124544905291577E-003
180		1,125706569612560E-003	1,049827114395708E-003
181		1,013256397952361E-003	1,011843118993645E-003
182		1,431345031862887E-003	1,011794379960489E-003
183		1,013462482191126E-003	9,878914924118113E-004
184		9,785547101572212E-004	9,784386067320930E-004
185		1,079523563213100E-003	9,784058090927476E-004
186		1,077133927018732E-003	9,784058090927480E-004
187		1,063925071916370E-003	9,784058090927473E-004
188		1,198674087121356E-003	9,736730339289972E-004
189		1,109418922355977E-003	9,736730339289972E-004
190		2,853343315283304E-003	9,736730339289972E-004
191		1,199865821786231E-003	9,684235536820565E-004
192		1,183679952634812E-003	9,212346148659015E-004
193		9,828747549509480E-004	8,964562878277566E-004
194		1,005366543622559E-003	8,964562878277562E-004
195		1,029332007342361E-003	8,930660955795782E-004
196		1,418302248586314E-003	8,085530487309474E-004
197		7,906543849191556E-004	7,683777731288890E-004
198		7,604707476515573E-004	7,490869360652878E-004
199		8,113142827163803E-004	7,490869360652883E-004
200		8,827846813691255E-004	7,490867177520669E-004
201		7,563920824120144E-004	7,205966219652981E-004
202		6,985451585249217E-004	6,914214588186938E-004
203		6,691364171692811E-004	6,690352416801488E-004
204		6,584157919856575E-004	6,584157919856582E-004
205		6,712249978300707E-004	6,584157919856588E-004
206		6,974616885705986E-004	6,584157919856589E-004
207		8,413866126358142E-004	6,583210683282982E-004
208		9,394752308805841E-004	6,583210683282981E-004
209		1,830193760305906E-003	6,583210683282982E-004
210		8,354339274654330E-004	6,583210683282982E-004
211		1,427871810175499E-003	6,583210683282982E-004
212		1,843052531476811E-003	6,583210683282982E-004
213		3,055338446741984E-003	6,558947574074880E-004
214		4,643587681021141E-003	6,312329312984928E-004
215		6,837842546274382E-003	6,310363539097093E-004
216		3,205427547122383E-003	6,310363539097094E-004
217		2,225617756058792E-003	6,310363539097093E-004
218		1,702439980078290E-003	6,310363539097094E-004
219		1,731726318241862E-003	6,310363539097093E-004
220		1,774625192851349E-003	6,310363539097096E-004
221		2,110390670135205E-003	6,310363539097094E-004
222		1,969804796705420E-003	6,310363539097092E-004
223		2,210373700356794E-003	6,310363539097097E-004
224		4,489682684026681E-003	6,310363539097094E-004
225		1,926935571516394E-003	6,310363539097099E-004
226		1,771369226774490E-003	6,310363539097096E-004
227		1,892823860466169E-003	6,310363539097097E-004
228		8,962367760521901E-003	6,310363539097092E-004
229		1,853706431774599E-003	6,310363539097094E-004
230		1,743089951004307E-003	6,310363539097094E-004
231		1,863036779302592E-003	6,310363539097097E-004
232		2,104891056005392E-003	6,310363539097089E-004
233		1,886850461131600E-003	6,310363539097101E-004
234		1,920690651151804E-003	6,310363539097096E-004
235		2,196024691746369E-003	6,310363539097094E-004
236		2,535107170227109E-003	6,310363539097101E-004
237		1,668465490566868E-003	6,310363539097094E-004
238		6,059317876778640E-003	6,308306052911090E-004
239		1,604414528234310E-003	6,276214281137325E-004
240		1,523952485979580E-003	6,274129153363982E-004
241		2,580227802944236E-003	6,274129153363988E-004
242		1,388504879560440E-003	5,949433318268939E-004
243		1,401791301197167E-003	5,828633065025973E-004
244		1,681591948779669E-003	5,819702866219048E-004
245		1,552638787828679E-003	5,733594954356073E-004
246		2,124124184228021E-003	5,733594954356072E-004
247		4,687649385748898E-004	4,475370909554315E-004
248		5,517572428878004E-004	4,374463510570734E-004
249		4,005892938767412E-004	4,005840018117026E-004
250		3,894474156482665E-004	3,873092890943726E-004
251		3,808182004170170E-004	3,777817910242720E-004
252		3,896738072112031E-004	3,746316838663490E-004
253		4,257228388063172E-004	3,746316838663492E-004
254		7,211570025162137E-004	3,746316838663490E-004
255		4,347449618517300E-004	3,746316838663494E-004
256		4,783041568815010E-004	3,746316838663493E-004
257		1,119195244067453E-003	3,746316838663475E-004
258		6,120108218618751E-004	3,666476163784214E-004
259		7,033797448994756E-004	3,588392346776774E-004
260		5,023489294752270E-004	3,577320141141181E-004
261		3,566585154415716E-004	3,416796659982110E-004
262		3,687508425563761E-004	3,408265779569758E-004
263		4,794853950632242E-004	3,408265779569758E-004
264		4,786356553843403E-004	3,391979317433116E-004
265		3,778794178575638E-004	3,348364234371948E-004
266		4,154496880510491E-004	3,339309333961526E-004
267		7,760713539635767E-004	3,339309333961503E-004
268		6,701151163283571E-004	3,339309333961531E-004
269		3,857199742665441E-004	3,266271165984526E-004
270		4,639654929124655E-004	3,259956604001652E-004
271		3,726834455132812E-004	3,212128881021320E-004
272		3,156576765942507E-004	3,096037390615984E-004
273		3,078406891486827E-004	3,042814353503305E-004
274		3,614177683725393E-004	3,006868829960527E-004
275		3,318758331740582E-004	3,006792614355932E-004
276		3,482204418273381E-004	3,006792614355941E-004
277		3,662193253819364E-004	3,006792614355933E-004
278		3,680351425918144E-004	3,006792614355938E-004
279		9,771633255347939E-004	3,006333538848782E-004
280		2,059245602997769E-003	3,006333538848782E-004
281		5,765592038947900E-004	3,006333538848793E-004
282		5,183138558276887E-004	3,006333538848792E-004
283		5,688578908508606E-004	3,006333538848781E-004
284		6,984254416060008E-004	3,006333538848782E-004
285		6,519407088752673E-004	3,006333538848784E-004
286		1,939379539001685E-003	3,006333538848785E-004
287		2,110103647384213E-003	3,006333538848786E-004
288		1,072540345736487E-003	3,006333538848786E-004
289		5,137444193890370E-004	3,006333538848790E-004
290		5,601748187769183E-004	3,006333538848780E-004
291		7,342714037677840E-004	3,003495500584078E-004
292		1,633883170800321E-003	3,000987919028344E-004
293		7,263201951089540E-004	3,000987919028359E-004
294		9,233614429354167E-004	3,000987919028346E-004
295		1,408591771899602E-003	3,000987919028347E-004
296		7,655151099832968E-004	3,000987919028346E-004
297		1,711806231923916E-003	3,000987919028352E-004
298		8,454051274700404E-004	3,000987919028348E-004
299		9,364112182187138E-004	3,000987919028355E-004
300		1,008902578198268E-003	3,000987919028350E-004
301		1,507101758895564E-003	2,998523866855920E-004
302		1,241807875951294E-003	2,988271911233996E-004
303		1,432533871913287E-003	2,988271911233999E-004
304		1,673896661035940E-003	2,988271911234000E-004
305		1,530811058789648E-003	2,988271911234002E-004
306		9,417485831890588E-004	2,988271911233994E-004
307		9,819840871886740E-004	2,988271911233993E-004
308		1,442153260312752E-003	2,988271911233991E-004
309		1,086580825030465E-003	2,988271911233995E-004
310		8,573161452549888E-004	2,988271911233994E-004
311		8,128217509135418E-004	2,988271911234001E-004
312		9,393701125968826E-004	2,988271911233992E-004
313		7,916218042636268E-004	2,988271911233992E-004
314		2,092674140836686E-003	2,897813605626351E-004
315		2,376118452292594E-003	2,897813605626347E-004
316		2,384632802960695E-003	2,897813605626352E-004
317		1,194415062775145E-003	2,893712229819832E-004
318		9,855988474422352E-004	2,885743086992570E-004
319		1,306503548896495E-003	2,885743086992581E-004
320		1,626272100878066E-003	2,885743086992573E-004
321		1,606290864970156E-003	2,885743086992584E-004
322		7,467657165939653E-004	2,885743086992577E-004
323		7,695326608288825E-004	2,885743086992577E-004
324		6,423180591300700E-004	2,885743086992571E-004
325		6,451432419045804E-004	2,885743086992579E-004
326		7,003606122951173E-004	2,885743086992579E-004
327		7,163760690712125E-004	2,885743086992582E-004
328		6,876061809041504E-004	2,885743086992580E-004
329		6,900221400186784E-004	2,885743086992574E-004
330		7,729043574172198E-004	2,885743086992573E-004
331		6,632182303697410E-004	2,885743086992572E-004
332		6,673958487124255E-004	2,885743086992576E-004
333		6,868424776299563E-004	2,885743086992574E-004
334		7,121071873229350E-004	2,885743086992573E-004
335		6,965457662708676E-004	2,885743086992579E-004
336		6,895790167876089E-004	2,885743086992573E-004
337		7,003616162968945E-004	2,885743086992581E-004
338		7,045840670757856E-004	2,885743086992580E-004
339		7,781509785038900E-004	2,885743086992579E-004
340		7,872297759951612E-004	2,885743086992579E-004
341		8,400475513122046E-004	2,885743086992577E-004
342		1,026674460114836E-003	2,885743086992579E-004
343		7,967903375046502E-004	2,885743086992577E-004
344		7,710700217352772E-004	2,885743086992572E-004
345		7,727673210497308E-004	2,885743086992587E-004
346		8,258463423365006E-004	2,885743086992577E-004
347		7,929071837132189E-004	2,885712026908972E-004
348		7,709181131861458E-004	2,885712026908966E-004
349		1,048445517070648E-003	2,885712026908973E-004
350		9,314551065477112E-004	2,877732241744833E-004
351		8,496517206537756E-004	2,877673460054224E-004
352		9,831319091969317E-004	2,877673460054230E-004
353		1,694851553878878E-003	2,877284399617316E-004
354		1,034474459244160E-003	2,837658407381643E-004
355		1,079107172123572E-003	2,837658407381634E-004
356		8,686175912353360E-004	2,835109450045911E-004
357		6,721109033885908E-004	2,827852388359173E-004
358		6,934476471700649E-004	2,827852388359172E-004
359		7,223508341433811E-004	2,825823028561911E-004
360		8,553935719295629E-004	2,823464811949943E-004
361		8,790536729102385E-004	2,823464811949950E-004
362		8,008729861867836E-004	2,823464811949948E-004
363		7,946036122565712E-004	2,823464811949943E-004
364		1,180701638227857E-003	2,823464811949950E-004
365		7,331357902819336E-004	2,823464811949946E-004
366		6,862093260536172E-004	2,823464811949946E-004
367		8,766014881202828E-004	2,823464811949944E-004
368		6,465893642843085E-004	2,823464811949948E-004
369		3,240030162694220E-003	2,823464811949949E-004
370		1,000883192176347E-003	2,823464811949942E-004
371		1,012117823139964E-003	2,823464811949953E-004
372		7,160745812080586E-004	2,818619370912212E-004
373		7,274648342168067E-004	2,818619370912219E-004
374		7,957992615015906E-004	2,818619370912212E-004
375		5,557461807705284E-004	2,818619370912210E-004
376		5,159704895206139E-004	2,817439359863138E-004
377		5,225261051773260E-004	2,815919775934462E-004
378		5,382518040499139E-004	2,815919775934464E-004
379		5,132405713249144E-004	2,815815311529180E-004
380		4,832010913969639E-004	2,815635885724232E-004
381		5,174477362306284E-004	2,815479880620106E-004
382		5,087114065221340E-004	2,815479880620109E-004
383		1,084587622105755E-003	2,815479880620109E-004
384		4,658869803788731E-004	2,807751366869552E-004
385		4,309849651744638E-004	2,793836299253031E-004
386		4,090464408824940E-004	2,793836299253038E-004
387		4,330357523292490E-004	2,793393126588424E-004
388		4,101520104108639E-004	2,793125420419911E-004
389		4,194016250663175E-004	2,793125420419905E-004
390		4,325127814717241E-004	2,793125420419912E-004
391		5,460975961458450E-004	2,791173646095965E-004
392		9,186183366797041E-004	2,791173646095965E-004
393		7,161204822556916E-004	2,791173646095959E-004
394		1,145944346614401E-003	2,791173646095964E-004
395		1,010736550517434E-003	2,791173646095963E-004
396		1,562294092971415E-003	2,791173646095964E-004
397		1,066063348919746E-003	2,791173646095954E-004
398		1,769977909922194E-003	2,791173646095960E-004
399		1,834320618760223E-003	2,791173646095957E-004
400		1,828654297034767E-003	2,791173646095960E-004
401		1,568897873323062E-003	2,791173646095964E-004
402		9,718210235699910E-004	2,772397383770143E-004
403		7,503562188696375E-004	2,754324189038044E-004
404		6,328046611654906E-004	2,747252474982557E-004
405		6,984788570536223E-004	2,747078174876275E-004
406		6,113967601036315E-004	2,734610713463530E-004
407		5,235765197327721E-004	2,734610713463531E-004
408		6,183174699056469E-004	2,734610713463536E-004
409		6,494991259767787E-004	2,734610713463535E-004
410		5,667930518383368E-004	2,734610713463538E-004
411		5,740612967300590E-004	2,734610713463535E-004
412		5,531913726859133E-004	2,734610713463539E-004
413		5,762520751722242E-004	2,734610713463534E-004
414		5,758212432322517E-004	2,734610713463532E-004
415		6,835741769769418E-004	2,734061826814907E-004
416		7,261220260850443E-004	2,732252892390806E-004
417		7,131420523937452E-004	2,730754814281089E-004
418		6,293240942520881E-004	2,727209139721780E-004
419		6,029721444609059E-004	2,727209139721780E-004
420		8,127695784791427E-004	2,727209137724565E-004
421		5,542092509779710E-004	2,726397159294888E-004
422		5,632713472552256E-004	2,726397159294887E-004
423		6,416993587306096E-004	2,726397159294884E-004
424		6,560901334679015E-004	2,724474469705403E-004
425		7,124725274033578E-004	2,415185239211343E-004
426		7,288183184361807E-004	2,370866730279093E-004
427		5,898335831185804E-004	2,336845428050861E-004
428		4,212240697726111E-004	2,258345503547510E-004
429		3,424754830473870E-004	2,121138121324442E-004
430		2,619482590957643E-004	2,084270433470623E-004
431		1,001288699577270E-003	1,961735050415079E-004
432		2,061837263227639E-004	1,817499467560635E-004
433		1,812967177733768E-004	1,702530062611833E-004
434		1,990758553242880E-004	1,702530062611833E-004
435		2,033893027011893E-004	1,702530062611833E-004
436		1,830930256213358E-004	1,686155225601552E-004
437		1,855540632075887E-004	1,686155225601554E-004
438		1,911473986871533E-004	1,675251273799625E-004
439		1,747175994520304E-004	1,646817691312039E-004
440		1,851606447950179E-004	1,619880808020472E-004
441		1,828456346270575E-004	1,536371437475544E-004
442		1,565260293042346E-004	1,439698775803031E-004
443		1,608325180164589E-004	1,439698775803030E-004
444		1,403136353897119E-004	1,376183002760140E-004
445		8,961815887719822E-004	1,375462627988400E-004
446		1,428436434211152E-004	1,371136262173285E-004
447		1,447261067300347E-004	1,371126750219381E-004
448		1,545625770543563E-004	1,335802068433203E-004
449		1,428935006310515E-004	1,329416487734208E-004
450		1,602236338831429E-004	1,328997340894161E-004
451		1,538550415387428E-004	1,296136646472702E-004
452		1,466390595023825E-004	1,284435405660259E-004
453		2,039981693532556E-004	1,284435405660266E-004
454		2,214520363318417E-004	1,284435405660262E-004
455		1,526052440594154E-004	1,224827649822127E-004
456		1,421341214890727E-004	1,223503311794024E-004
457		1,328665606448051E-004	1,217966030970467E-004
458		1,874996768805925E-004	1,217966030970467E-004
459		1,865561881475591E-004	1,217966030970466E-004
460		2,789579139356290E-004	1,217966030970466E-004
461		4,011200575221879E-004	1,217966030970466E-004
462		6,364362535935229E-004	1,205833354834653E-004
463		4,409544525552293E-004	1,205833354834649E-004
464		1,875702351916132E-004	1,098364775326610E-004
465		2,562977950244221E-004	1,076664991013244E-004
466		2,825974881992697E-004	1,074358533279817E-004
467		4,397636419385466E-004	1,074358533279817E-004
468		3,786628041441382E-004	1,074358533279816E-004
469		2,964827704076379E-004	1,074358533279816E-004
470		4,205967836465500E-004	1,074358533279818E-004
471		7,937820566726374E-004	1,073734560187262E-004
472		3,529158268620010E-004	1,069180499990927E-004
473		2,204408307475763E-004	1,069180499990926E-004
474		2,210331638637209E-004	1,069180499990926E-004
475		2,982010184081718E-004	1,068925499631625E-004
476		2,957769834549894E-004	1,068925499631628E-004
477		2,723216328183926E-004	1,068889011376127E-004
478		2,920377447333750E-004	1,068889011376127E-004
479		4,236314013857426E-004	1,062973237642434E-004
480		4,098912073607147E-004	1,062965187403900E-004
481		3,416691210957600E-004	1,062818163769761E-004
482		3,492198470006895E-004	1,062795557366952E-004
483		3,966290161835681E-004	1,062795557366953E-004
484		4,123835720953700E-004	1,062795557366954E-004
485		3,992083366367152E-004	1,055649342126762E-004
486		4,962218149141711E-004	1,055649342126762E-004
487		5,858568982303505E-004	1,050684265541804E-004
488		5,151467269441085E-004	1,049369933331108E-004
489		5,091223038721974E-004	1,049369933331106E-004
490		7,537765409624696E-004	1,049369933331106E-004
491		6,165219927884087E-004	1,049369933331105E-004
492		6,039807568405964E-004	1,049369933331106E-004
493		6,947097668409638E-004	1,049369933331107E-004
494		1,633859048196546E-003	1,049369933331106E-004
495		8,394005247231110E-004	1,049369933331104E-004
496		6,340595382951776E-004	1,049369933331105E-004
497		8,626842395018509E-004	1,049369933331108E-004
498		6,285704578639001E-003	1,049369933331105E-004
499		3,589647467396896E-003	1,046461757228875E-004
500		2,232267512868781E-003	1,046461757228877E-004
501		3,611949438046677E-003	1,046461757228876E-004
502		8,571827089094529E-004	9,544557648476801E-005
503		1,115394283241037E-003	9,544557648476797E-005
504		9,513141094189810E-004	9,544557648476808E-005
505		7,443792225745766E-004	9,544557648476808E-005
506		6,936531839951194E-004	9,544557648476812E-005
507		6,734312832653962E-004	9,544557648476812E-005
508		6,450464735760004E-004	9,544557648476810E-005
509		6,224680224484708E-004	9,544557648476832E-005
510		6,264061166829880E-004	9,544557648476806E-005
511		6,237660483775549E-004	9,544557648476802E-005
512		6,200267796201193E-004	9,544557648476794E-005
513		6,413698193090705E-004	9,527955835200972E-005
514		6,886550855556079E-004	9,527396095101927E-005
515		5,776957516364003E-004	9,527396095101906E-005
516		6,640675324386858E-004	9,527396095101933E-005
517		1,759940363446727E-003	9,527396095101919E-005
518		5,895252745981586E-004	9,527396095101930E-005
519		7,152780544096196E-004	9,527119893023539E-005
520		4,535695667207446E-004	9,326632945531775E-005
521		3,881748998758707E-004	9,289938623009656E-005
522		3,851632408954424E-004	9,289938623009658E-005
523		4,075799913214163E-004	9,289938623009645E-005
524		4,486469815362698E-004	9,289938623009658E-005
525		4,645596425964032E-004	9,289938623009658E-005
526		5,016833273155943E-004	9,289938623009647E-005
527		5,052247019753871E-004	9,274742296189519E-005
528		1,599873001301892E-003	9,274742296189519E-005
529		8,507839321567124E-004	8,814771655664724E-005
530		6,743425291088737E-004	8,814771655664724E-005
531		3,613407735563113E-004	8,553509894216239E-005
532		4,494511885156975E-004	8,553509894216243E-005
533		2,853667420884179E-004	8,434119593491736E-005
534		2,827705155736004E-004	8,434119593491753E-005
535		3,023855660760472E-004	8,434119593491751E-005
536		2,938572284100144E-004	8,432214349431503E-005
537		2,988356258112572E-004	8,431964378109864E-005
538		3,043203256096161E-004	8,424332374877533E-005
539		5,993661601511581E-004	8,424332374877533E-005
540		7,482709682824706E-004	8,341740864253728E-005
541		6,672925276175764E-004	8,298600734743757E-005
542		3,230556427422781E-004	8,298600734743743E-005
543		2,896263184726571E-004	8,298600734743761E-005
544		2,932252685647097E-004	8,298600734743740E-005
545		2,532519537720173E-004	8,298600734743746E-005
546		2,362141865972399E-004	8,298600734743743E-005
547		2,708178461646728E-004	8,298600734743750E-005
548		4,831417700710624E-004	8,298600734743740E-005
549		4,134329875328959E-004	8,294051011106766E-005
550		2,404950496562152E-004	8,255151861676402E-005
551		1,861306240175793E-004	8,255151861676397E-005
552		1,627254901921872E-004	8,255151861676393E-005
553		1,680979759287887E-004	8,254976169882469E-005
554		2,172286680157787E-004	8,254976169882485E-005
555		1,855593756484861E-004	8,254976169882486E-005
556		8,202192075228905E-004	8,240416232083568E-005
557		1,632058353112088E-004	8,205732404927047E-005
558		1,879678709271638E-004	8,205732404927068E-005
559		1,391328746858900E-004	8,183984118288444E-005
560		1,350711643287247E-004	8,183983981661045E-005
561		1,355918963264941E-004	8,183983981661061E-005
562		1,416647674613687E-004	8,183726948356831E-005
563		1,656628876435245E-004	8,183726948356811E-005
564		1,440318729404721E-004	8,183726948356816E-005
565		1,836370640895083E-004	8,183726948356819E-005
566		1,676243472752870E-004	8,183726948356815E-005
567		1,922585671350085E-004	8,131558996360701E-005
568		2,077382872873244E-004	8,119264615939687E-005
569		1,801993512808396E-004	8,119264615939673E-005
570		1,919524797078707E-004	8,103807988903490E-005
571		1,919127725999932E-004	8,102786119108711E-005
572		1,660894435406853E-004	8,101922944377526E-005
573		1,787162901699865E-004	8,101922944377528E-005
574		1,800312130111052E-004	8,036069187289342E-005
575		1,306281008934774E-004	7,568470296623889E-005
576		1,142397222419187E-004	7,497172473438779E-005
577		1,205020029375063E-004	7,462151718204906E-005
578		1,645200035862151E-004	7,381067167652073E-005
579		3,037248930243774E-004	7,381067167652076E-005
580		1,633957975019407E-004	7,381059746010828E-005
581		3,934552203223341E-004	7,381059746010822E-005
582		5,482003704836351E-004	7,381059746010824E-005
583		4,594253698645406E-004	7,381059746010822E-005
584		2,492812448822831E-004	6,584862169355566E-005
585		2,112775287319127E-004	6,571797028915575E-005
586		1,460409907544089E-004	6,489780655818667E-005
587		2,066836911961878E-004	6,350198242744202E-005
588		1,403586939619543E-004	6,350198242744205E-005
589		1,412343942646792E-004	6,350198242744197E-005
590		1,091339480279029E-004	6,325418911175986E-005
591		6,093165223044907E-005	5,627238999819973E-005
592		5,987991737661445E-005	5,609279443400991E-005
593		6,481311656444617E-005	5,609000270377616E-005
594		8,432655582842591E-005	5,605080928114266E-005
595		6,515792399026005E-005	5,538773863320291E-005
596		7,812373299069352E-005	5,517157912579449E-005
597		6,470401955927316E-005	5,517157912579452E-005
598		6,202476431172909E-005	5,456714618321057E-005
599		5,938362809572282E-005	5,425381225533354E-005
600		6,528222361770143E-005	5,425381225533347E-005
601		3,613549189455436E-004	5,425381225533349E-005
602		5,851673761813589E-005	5,416983517696535E-005
603		5,950794248997267E-005	5,415719128249290E-005
604		9,653498181255550E-005	5,415719128249268E-005
605		8,956479152387373E-005	5,415719128249288E-005
606		9,727094957481354E-005	5,415719128249291E-005
607		2,636525853953725E-004	5,415719128249274E-005
608		5,441808992796641E-005	4,501688911884844E-005
609		5,288978728192240E-005	4,497643466586370E-005
610		3,689270195746474E-005	3,645633969693112E-005
611		6,384557939541206E-005	3,645633969693114E-005
612		3,569022025459441E-005	3,551861838864183E-005
613		4,389418524379577E-005	3,530667375772346E-005
614		3,841658084507284E-005	3,317293064990635E-005
615		3,142446451598541E-005	2,880717256606935E-005
616		2,852922161841511E-005	2,800938011744099E-005
617		3,318055035125614E-005	2,796228512703602E-005
618		2,851093900540069E-005	2,698846038656264E-005
619		4,048284765656207E-005	2,698846038656263E-005
620		4,880481778949429E-005	2,698846038656263E-005
621		2,854743350244332E-005	2,642872013639203E-005
622		2,539822095527264E-005	2,489492454597443E-005
623		2,613325147736119E-005	2,489492454597444E-005
624		2,814160941432324E-005	2,489492454597449E-005
625		2,630502423732085E-005	2,478555438465799E-005
626		2,595478782112910E-005	2,370940788217702E-005
627		2,400334552295831E-005	2,356488965087476E-005
628		2,294433309830173E-005	2,294433309830178E-005
629		2,447599086252248E-005	2,294433309830176E-005
630		2,612723477861266E-005	2,287585986060987E-005
631		3,758050066081742E-005	2,286134590120171E-005
632		5,051969339055353E-005	2,140945471765470E-005
633		4,772948981861832E-005	2,140803760000200E-005
634		2,129397860188917E-005	2,092675001976940E-005
635		2,146450523443968E-005	2,092675001976940E-005
636		2,212157763758192E-005	2,092675001976943E-005
637		2,222798596511572E-005	2,068992555088929E-005
638		2,137408456956503E-005	2,062570646240569E-005
639		2,117326500654830E-005	2,047389094448244E-005
640		2,119715279280171E-005	2,047389094448252E-005
641		2,089219973938879E-005	2,045179782655254E-005
642		2,138208810807406E-005	2,045179782655252E-005
643		2,244632486639895E-005	2,045179782655252E-005
644		2,279745308702281E-005	2,045179782655252E-005
645		2,212672812854244E-005	2,045179782655254E-005
646		2,245219266266602E-005	2,045179782655252E-005
647		2,493491068071335E-005	2,045179782655256E-005
648		2,380465246741142E-005	2,045179782655256E-005
649		2,384593358455217E-005	2,045179782655255E-005
650		2,461530677917854E-005	2,045179782655255E-005
651		2,517944027413210E-005	2,045179782655254E-005
652		2,437940927445545E-005	2,045179782655249E-005
653		2,488751570123290E-005	2,045179782655253E-005
654		2,525517681565283E-005	2,045179782655253E-005
655		2,551102393499870E-005	2,045179782655252E-005
656		2,716962024524486E-005	2,045179782655253E-005
657		2,872125805570748E-005	2,045179782655255E-005
658		2,340981561849772E-005	2,032265137759143E-005
659		2,419102268614108E-005	2,031244263294094E-005
660		2,434458433801838E-005	2,031244263294090E-005
661		2,527869458044155E-005	2,031244263294091E-005
662		2,462468168012014E-005	2,031244263294094E-005
663		2,551246391835473E-005	2,031244263294094E-005
664		2,647403615686206E-005	2,031244263294093E-005
665		2,635367577433753E-005	2,031244263294093E-005
666		2,701952688565654E-005	2,031244263294093E-005
667		2,947038035614519E-005	2,031244263294093E-005
668		2,798589052778707E-005	2,031244263294095E-005
669		3,528720973833055E-005	2,031244263294091E-005
670		2,807156691937360E-005	2,031244263294093E-005
671		3,596184502065640E-005	2,031244263294092E-005
672		2,630513893667162E-005	2,031244263294094E-005
673		4,378770443229098E-005	2,031244263294094E-005
674		3,314625405202591E-005	2,031244263294089E-005
675		3,331186249175559E-005	2,031243024836273E-005
676		2,699063329286809E-005	2,028103536045459E-005
677		2,846953923205621E-005	2,024651171538536E-005
678		3,368322844290125E-005	2,023194711052017E-005
679		1,098558228122555E-004	2,016582594096550E-005
680		1,117123390794001E-004	2,016456755869800E-005
681		1,188810190078741E-004	2,016273746463361E-005
682		7,305231703602447E-005	2,016273746463365E-005
683		7,175097460008245E-005	2,016273746463367E-005
684		7,829608344031974E-005	2,016273746463362E-005
685		7,232940939556719E-005	2,015372192685839E-005
686		3,343186811051208E-005	2,003805571020018E-005
687		2,726094763532522E-005	2,001560837935109E-005
688		2,500912455077974E-005	2,001560837935114E-005
689		2,768206615130953E-005	2,001560837935110E-005
690		5,579043016575983E-005	2,001560837935111E-005
691		5,946682594253010E-005	2,001560837935112E-005
692		4,759501249908519E-005	2,001560837935114E-005
693		2,771275280714060E-005	1,775611666636032E-005
694		7,225792346244143E-005	1,775611666636033E-005
695		4,214641085496291E-005	1,750093086148686E-005
696		1,985495346533052E-004	1,750093086148686E-005
697		8,458762081681257E-005	1,743821344994539E-005
698		7,893770360048708E-005	1,743821344994540E-005
699		7,578780253704037E-005	1,743821344994540E-005
700		8,097282995507431E-005	1,743821344994540E-005
701		6,653984164561503E-005	1,638243513162046E-005
702		6,309784175078775E-005	1,593032731158587E-005
703		6,082785703822501E-005	1,591984368982963E-005
704		1,162953812764658E-004	1,591984368982961E-005
705		1,565086527924643E-004	1,591984368982962E-005
706		2,063235420083076E-004	1,563976707818167E-005
707		4,354867697462269E-005	1,422244301133681E-005
708		3,428448226871088E-005	1,235067292293091E-005
709		3,409709441584508E-005	1,215565334765000E-005
710		2,590187181563138E-005	1,198470797528095E-005
711		2,308414062287517E-005	1,197314817969496E-005
712		2,037819903996034E-005	1,197314817969497E-005
713		2,045432452848458E-005	1,196381693817713E-005
714		2,486324021272664E-005	1,192408542277496E-005
715		1,899530758079013E-005	1,192380818143830E-005
716		2,146433270435592E-005	1,189889266827569E-005
717		2,988342348390701E-005	1,189889258231828E-005
718		2,161309075141757E-005	1,186720217377027E-005
719		1,961808953583510E-005	1,186720217377028E-005
720		1,842002725226908E-005	1,186720217377027E-005
721		1,994418986069458E-005	1,186720217377028E-005
722		2,033391192780246E-005	1,186720217377028E-005
723		2,295416163507816E-005	1,186720217377028E-005
724		4,012884731558351E-005	1,186720217377028E-005
725		1,698416847298409E-005	1,179836618241178E-005
726		1,683058435127897E-005	1,179836618241177E-005
727		1,634473094351116E-005	1,178979190939437E-005
728		1,491906369680557E-005	1,160465762757806E-005
729		1,832993840714121E-005	1,160465762757806E-005
730		1,766114973087576E-005	1,160102371252289E-005
731		1,958280199660549E-005	1,157639517734334E-005
732		1,878118265330444E-005	1,157639517734334E-005
733		1,978001204038114E-005	1,157639517734334E-005
734		1,912892936447992E-005	1,157639517734333E-005
735		1,929671918719507E-005	1,157639517734334E-005
736		1,960046300648616E-005	1,157639517734335E-005
737		2,070335770063664E-005	1,156466087242048E-005
738		2,080534017708178E-005	1,156466087242048E-005
739		1,800065682995129E-005	1,145224958710917E-005
740		1,773166348914751E-005	1,142490332609763E-005
741		1,690512306445403E-005	1,142490332609761E-005
742		1,631601816065618E-005	1,142490332609763E-005
743		1,792071114964391E-005	1,142476263673714E-005
744		1,451744407742501E-005	1,142083740176384E-005
745		1,507633042973319E-005	1,141883256720537E-005
746		1,489884875857250E-005	1,141038205675492E-005
747		1,731555469335605E-005	1,141038205675491E-005
748		5,395946915449993E-005	1,141038205675492E-005
749		2,588312322058677E-005	1,141038205675492E-005
750		2,527160832774032E-005	1,138601495467156E-005
751		2,545288214144415E-005	1,136153572276087E-005
752		2,629554817260172E-005	1,093862763140902E-005
753		2,671513506275657E-005	1,093333821067720E-005
754		1,963678822371606E-005	1,088018922554421E-005
755		1,205371764507664E-005	1,055573425856108E-005
756		1,084700738250478E-005	1,035008740052375E-005
757		1,247133189876148E-005	1,035008740052375E-005
758		1,102543105950529E-005	1,034285691627480E-005
759		1,074056652775025E-005	1,034283675675687E-005
760		1,287507428263767E-005	1,034283675675687E-005
761		1,016977763007618E-005	9,944419195477887E-006
End iteration: 762 		 ||f - Ax^j|| / ||r^0||: 9,944419195456032E-06
